294.575287 285.677216 248.818832 333.698700 345.359833 334.294647 309.279724 297.217163 300.523590 281.282440 309.132843 251.747360 271.455139 268.461334 281.687897 310.329041 306.172455 324.381836 245.165466 307.412109 289.539124 289.013763 271.002411 302.780579 294.329987 317.310089 313.417358 330.136353 297.832397 253.593704 309.358459 306.798981 
326.605804 327.472137 271.791809 357.820801 365.525421 362.060913 346.611938 339.739960 298.751099 286.853363 307.433746 261.005676 315.846436 280.760956 325.356445 318.779083 309.540588 300.407043 285.398163 354.891785 336.424438 315.110870 287.464996 328.300812 299.668060 339.920319 369.623535 328.503326 347.458679 268.400757 345.183746 347.338715 
320.960938 309.510254 237.285263 328.368408 322.826385 343.688049 321.395996 316.460571 274.015747 276.984314 326.505524 280.764191 297.443726 275.948242 318.190826 309.726471 310.385498 321.002411 253.682419 320.570862 331.698547 319.449066 275.957550 328.496552 289.827972 358.333282 331.661133 327.295624 328.097748 267.974518 341.296539 311.290955 
291.534088 220.867798 213.667328 284.272003 291.193604 299.424164 279.305847 236.523895 233.228317 264.341583 256.860168 191.977020 254.714447 224.170120 264.137665 276.214630 215.997238 273.200592 241.431747 270.994202 242.443787 271.245026 262.084778 242.518600 260.555664 271.077209 272.882874 283.765381 266.387451 200.437714 275.703186 280.711548 
313.191376 284.844055 242.369110 340.358154 324.444885 310.342163 289.957428 279.029877 247.404755 268.345093 284.259888 249.857269 294.580444 238.725403 298.698700 272.366333 286.326691 303.582275 241.255844 297.821381 308.554871 287.505280 279.503540 301.613892 270.664124 317.806580 332.063263 318.777557 309.091003 238.771301 323.261963 298.747925 
282.580444 250.932983 211.319595 309.986450 295.156982 316.271545 304.402679 265.592590 284.071777 287.802368 284.407288 241.353577 268.963409 236.831573 276.073853 260.964050 260.385834 279.245361 244.970566 311.192535 288.190308 294.166748 262.535126 285.419586 282.705627 298.308899 269.455658 296.783722 276.024139 206.321991 293.248108 295.437256 
357.712311 312.259125 283.520508 395.645477 356.626526 377.341919 356.413513 335.473450 312.383026 289.616547 364.296539 318.392365 321.758759 293.577240 336.245941 356.119843 352.791718 392.037018 307.923126 351.262543 338.042023 355.195984 331.034882 343.665314 332.038391 393.032135 377.091644 375.512024 348.339905 302.977875 356.957397 349.676117 
285.304688 240.501907 224.710175 333.837036 300.291199 292.713684 292.027863 265.130402 235.703506 244.081406 267.766937 229.049698 272.219666 213.874115 286.352386 272.830933 274.579926 293.678986 241.408600 284.663300 271.164886 288.960541 280.583984 297.007538 260.168060 305.014404 296.763580 310.266754 289.097137 249.462494 294.466980 273.205658 
304.239685 262.502686 245.654938 325.463440 338.223602 280.972504 304.591705 249.381561 264.042297 294.142578 242.412094 231.099121 249.377441 262.957977 267.918091 267.612946 274.188629 263.607391 224.359940 277.048096 273.981354 259.117493 285.034424 278.963257 264.240112 286.246094 287.860840 310.894073 278.589203 235.198334 302.392242 287.954437 
301.407440 257.395569 236.545715 305.413269 305.994476 298.410919 278.563904 285.922882 233.365097 253.604370 287.443909 216.676834 269.568329 248.273422 292.280914 267.274658 269.795654 304.798462 253.059845 312.670044 242.859421 283.764252 265.623993 277.620026 269.008881 310.848480 312.334351 333.256317 293.657501 249.278244 294.397247 281.751801 
357.070160 293.754608 279.940002 373.508911 365.666626 360.807129 364.238220 313.118805 260.004578 292.235077 332.465424 263.511017 295.639832 254.612244 347.599945 332.993591 311.727600 339.410339 304.585449 321.140106 323.919586 341.911804 303.191162 326.876770 299.716034 355.056427 331.978455 359.861053 343.815125 268.520874 331.054901 323.713226 
330.945160 316.793121 245.170151 353.518066 360.635498 373.693665 312.674194 334.019348 293.072327 310.746948 341.218781 291.913177 308.649292 272.404449 332.300812 331.561584 330.390961 333.510773 280.340668 380.302185 346.101074 322.156586 323.673035 333.269592 316.497681 352.572296 353.541260 361.709930 364.059357 279.727264 340.398041 324.693451 
372.985901 294.219788 282.567841 348.015625 336.122498 368.219879 353.827606 306.323792 281.617126 308.485565 285.877960 279.284637 292.134827 294.902130 312.260071 309.576538 299.324677 333.290833 287.331299 331.606140 304.852753 301.736359 327.654480 307.506256 299.331909 348.190247 340.846954 335.003479 329.338470 290.001770 350.296570 332.891174 
272.496246 273.949921 248.507492 322.945618 327.631470 301.010162 310.749420 278.519806 274.371887 262.194550 301.925751 264.178345 276.177338 230.237778 267.174774 295.570435 298.447449 312.217834 237.590164 292.674103 310.151520 273.957855 255.917282 314.897064 274.168762 325.084534 309.497803 300.576782 284.105713 261.908356 292.174896 286.304749 
255.543793 243.118011 204.258896 284.436493 285.518768 287.449860 282.862274 248.977432 223.446350 236.226837 266.564758 205.730850 236.355423 210.988113 257.063507 261.475616 241.522430 260.725800 219.471924 290.527649 248.765320 242.845978 251.500778 260.280945 263.108032 261.156311 262.163361 282.935577 244.605942 217.524216 248.676697 255.440170 
379.277618 332.083344 296.630829 405.347076 420.001068 388.677185 385.363434 309.163269 315.539703 338.537018 366.194794 316.126984 331.410950 290.394531 356.360687 361.538635 347.201630 360.538361 303.508331 397.736450 346.701477 355.062958 347.935028 357.729919 339.419830 393.395660 393.219757 408.351807 365.967316 292.351105 377.299042 353.609619 
305.783722 292.075134 221.886093 332.736847 330.768890 327.679443 299.339813 282.280487 258.378357 280.546143 294.033325 229.146591 283.544800 251.887283 291.528839 305.966522 296.849579 299.304108 247.266296 329.314209 286.779785 271.583893 283.918701 310.180939 276.179962 315.989929 322.428589 330.916168 319.343689 248.205826 312.667328 307.824158 
282.324097 240.599640 210.616974 274.178802 275.402557 303.962463 253.579636 275.188599 255.815887 227.252792 249.448441 230.701523 259.006287 226.585159 264.941437 250.744247 233.653122 268.086731 233.232834 304.410675 262.437958 272.741516 254.780701 256.457092 260.404053 286.068176 295.828979 284.226105 273.008270 216.625549 286.814972 277.248627 
263.319397 237.891327 237.414154 307.111542 279.904114 276.649658 258.876740 240.260712 205.078857 228.488525 251.353043 220.641693 233.024063 227.285294 257.634888 241.178574 254.123627 279.773956 224.183258 244.399292 258.734436 232.379288 253.969528 255.310608 245.752594 266.783661 286.433533 282.746643 258.544220 216.755386 258.055817 256.782135 
281.806976 259.075623 248.632874 300.433075 309.443481 290.237183 300.714600 301.893219 268.784363 291.160461 306.911835 253.950714 289.900085 241.346268 298.659485 296.614532 289.688171 339.929749 254.393982 282.740784 291.827728 289.761108 263.597748 289.767303 284.216949 350.462036 315.378448 324.530731 306.139832 263.168854 334.206573 318.550140 
320.589111 320.464844 268.300446 360.005249 373.004272 341.657318 356.135223 301.266876 295.657562 293.254456 314.794586 292.896423 283.183380 279.368713 309.967773 282.474487 325.924408 303.726135 268.404755 326.490356 334.164093 291.903259 288.494934 320.086060 303.673187 348.901489 322.694275 324.779541 323.719543 275.177124 323.831848 321.680725 
312.615143 275.143585 240.632523 314.770416 314.360840 298.796173 308.073120 270.583832 244.245667 270.237915 284.354523 253.014282 273.420593 265.332916 291.678436 284.024841 266.963074 289.828888 230.576202 288.489655 284.998993 280.447296 246.781052 310.244629 261.545135 310.319580 292.880707 304.733124 291.923218 250.877716 300.549622 285.684998 
363.028320 281.326904 275.823883 338.597931 324.162720 376.623932 342.883057 293.448914 314.097168 307.064392 310.383667 321.918762 306.469635 280.091888 334.081635 347.244293 315.365875 315.375153 274.843872 355.828186 333.627808 341.604095 348.245209 324.338165 300.719452 358.628845 339.038422 326.949554 336.906342 274.181488 326.296753 309.032135 
362.217224 337.846130 286.761383 431.518433 386.588257 384.145782 381.050018 346.275909 295.231476 323.612244 367.789612 277.753662 306.202789 325.757080 362.279968 350.370789 348.539764 362.649567 303.207977 341.405670 349.088501 328.056519 327.604370 359.072693 343.933960 397.472321 370.770874 375.511292 360.073334 296.980835 374.790070 377.337097 
334.181976 316.752258 288.427307 338.968750 352.521881 348.544220 335.316406 344.571472 315.433136 317.737061 307.802521 315.900177 331.487762 285.429443 302.793518 316.788757 326.234528 325.310394 253.245422 344.829437 345.358673 312.472107 335.039337 337.865479 303.018188 375.751404 343.851379 343.492859 344.153809 302.158905 367.745544 317.358948 
338.853088 297.770172 290.644501 375.536530 347.046875 385.121887 355.923218 310.666718 310.882141 319.597229 312.515991 284.660614 312.852417 294.420502 345.224487 339.644470 301.788239 340.511597 322.992157 338.821869 316.768616 317.569794 325.565277 352.734406 339.271606 347.133514 349.089752 337.228149 348.486816 279.462006 359.857635 347.772003 
298.762421 241.567749 218.557266 294.730560 272.639893 303.343567 277.584320 275.377808 269.567596 257.390533 289.872498 251.656769 259.993378 249.787567 309.201904 296.136688 285.959503 319.929474 246.491150 306.513031 276.230164 269.673492 265.013824 281.935669 256.924713 323.569794 295.071472 304.323425 271.726410 254.719772 292.113861 283.018707 
279.332916 279.872040 250.196976 337.218170 331.036743 289.278503 295.063965 297.259430 269.442139 284.061737 284.757050 226.179489 264.606903 247.947083 282.031769 303.766571 291.896301 307.947144 251.641220 288.082001 267.115784 277.187225 291.944580 298.721497 281.633636 332.749176 322.644623 321.040741 311.082062 272.940887 327.405945 312.496857 
352.572021 343.474335 287.787018 364.284790 365.738586 359.205078 361.856628 321.828979 313.923889 319.287018 321.010590 294.982971 316.618835 284.514648 334.191101 325.133759 332.233063 332.637207 274.073181 335.256409 328.328156 319.187714 319.623474 350.241272 316.848206 358.439667 350.221008 369.295959 346.372162 287.128784 344.453979 320.677734 
354.916748 327.855164 305.447235 347.871735 348.815430 365.882080 358.734833 303.257141 310.733124 300.149017 288.345093 278.909149 295.284882 300.403656 328.966522 296.555573 312.731659 317.698761 284.515167 335.187866 329.354370 310.934998 305.006470 346.045990 324.103821 348.725586 336.046478 309.984497 328.013763 259.770172 347.732147 340.074493 
351.554810 307.692352 249.213394 360.744324 367.939606 388.948181 365.900269 321.396149 325.728790 328.432739 355.553589 287.792236 330.589752 287.211823 354.576569 360.428894 343.488464 358.700836 289.823761 369.492279 342.732300 336.387177 338.002808 346.243958 330.196075 372.201111 344.084381 391.402496 329.213470 293.976715 351.542114 344.109741 
312.110931 289.777649 279.165955 369.656372 337.358124 335.047546 321.687958 332.327454 272.517822 285.289520 317.358459 253.377167 282.219849 279.699127 286.241150 314.710785 306.016968 326.087097 233.951462 322.138611 326.848511 288.531952 282.243439 328.849396 303.824554 353.513885 337.620667 338.491852 296.505310 274.552490 330.894226 316.847504 
321.088135 312.551086 282.192261 373.150146 354.072876 327.484009 333.487183 318.664703 300.647858 305.493195 302.622070 262.174927 297.618011 279.485199 295.260284 316.574860 292.242981 340.838165 268.671295 293.987762 330.333832 280.457642 297.700348 316.947388 321.659363 353.408813 351.032043 330.955597 318.785583 259.861420 344.478333 357.821167 
288.143677 255.009323 234.782196 317.948822 319.529114 341.777832 294.915131 278.090942 237.637039 261.252289 324.377289 235.317245 276.511902 253.927185 276.226044 282.569489 262.336884 335.256012 254.396545 315.652191 300.186493 258.132416 261.242401 292.501526 280.342987 299.895447 298.147949 320.242706 295.024750 242.042831 288.707886 313.995300 
330.771576 282.955322 282.173889 323.210663 315.270660 341.317932 319.033234 300.795441 297.325928 295.240784 311.071320 283.258606 306.092010 239.588013 309.371826 322.241089 286.259796 354.035736 271.204620 316.079590 307.561798 309.342194 295.835724 296.765167 317.126007 366.521515 334.240448 343.900543 321.822357 265.595184 346.480438 304.754211 
309.894440 291.015900 270.532684 361.278015 342.426239 316.121063 297.135590 277.760590 279.353638 283.597595 300.799744 252.976715 277.440247 278.932129 286.520447 277.536682 310.109314 317.903687 251.481415 293.644440 320.144440 272.808899 289.510590 314.679047 288.292999 320.086670 309.806671 337.957550 292.514496 237.980896 313.119659 329.476105 
326.469330 326.615753 302.323059 365.790619 369.936493 361.072754 344.625549 337.739288 297.337402 281.545715 329.733063 273.450531 312.798157 277.499023 330.309357 323.565643 321.074432 342.473969 285.097839 350.117249 324.058289 295.805817 306.073792 337.851196 308.644287 368.977081 370.911072 346.740082 360.969788 297.508850 354.293152 351.662659 
297.096985 242.567474 227.410446 310.456482 314.425720 312.665283 296.465393 262.654785 259.889099 262.238373 273.784882 252.861557 244.055908 230.211121 271.611389 276.675446 281.077942 309.464172 235.684021 309.190399 282.334167 273.539368 243.189606 267.304535 257.843536 306.776093 307.553040 317.841827 259.955902 248.624557 285.638763 280.208038 
323.283264 272.865021 247.462112 300.787903 319.744568 323.316376 301.119537 275.888062 272.314209 269.815155 284.776215 242.009766 293.983734 243.222351 302.085571 294.800598 288.653809 291.490601 255.373505 331.904266 281.095917 311.717468 285.112061 327.924835 274.919525 317.451691 312.046936 296.757904 304.433136 232.582672 303.502533 291.676514 
279.380219 255.505844 212.787888 290.726532 269.944427 290.908447 289.418182 294.280090 219.972458 272.179077 252.405396 220.623795 268.913055 225.160431 284.134918 256.163452 242.043289 298.016449 215.407120 274.402527 267.212860 259.590515 258.537781 280.300415 251.649521 295.202179 296.829468 301.496857 310.692749 261.175995 287.521332 255.457352 
331.043488 298.759369 268.320282 370.682373 370.706696 375.907379 371.365509 318.417938 333.830200 332.991211 347.355225 316.000336 316.889618 283.150574 339.522156 349.217896 348.311584 367.255554 308.336517 379.852722 351.013580 337.888092 318.722351 328.022308 320.184784 388.345917 362.643768 359.920288 343.665680 297.550842 361.789673 355.187592 
331.253693 299.972961 275.018616 363.701477 359.542664 335.496704 356.846741 323.972107 272.402649 285.629150 312.015686 266.625153 307.673889 282.249634 315.956207 290.835693 298.693390 314.508514 261.126282 334.840271 338.147400 324.100922 306.344177 318.755646 314.763123 332.485260 332.768433 349.517517 316.991211 265.138611 320.328613 312.554901 
313.642120 300.069397 246.097961 331.136841 327.016418 342.185059 321.830383 297.599182 296.120239 268.456177 313.171143 294.389282 300.453827 257.367371 320.326630 332.289368 345.226044 341.586731 262.622681 335.139954 304.082031 328.666748 308.688110 337.780884 302.321320 345.830719 336.104004 343.644043 314.929810 270.155609 325.676483 298.248505 
320.922668 308.213562 256.119354 356.338409 347.097351 354.307251 343.319824 306.630219 305.076782 275.291168 329.978516 285.165131 293.274353 263.751892 313.372314 324.932434 323.042664 329.655670 289.470245 351.205688 309.509521 314.549438 306.202057 312.441406 313.710144 358.022705 371.310638 346.449402 343.918640 284.098114 346.561035 334.431366 
306.890472 247.743912 248.720490 305.386627 315.480804 300.385223 293.299957 271.134583 270.638031 285.158447 267.005524 262.049042 241.051620 230.624435 294.190399 287.205170 271.619171 304.352417 242.190689 301.198730 294.781036 271.870026 265.419464 295.931152 257.136383 314.444275 285.332703 287.099243 301.405090 239.386673 319.919220 273.694977 
337.529907 279.235413 287.707458 366.486023 354.115753 347.472290 322.924866 279.037811 311.022919 305.516449 302.256409 308.422455 277.787018 271.276703 287.169983 317.298950 338.114410 349.657257 271.037231 343.077759 305.806213 310.929138 308.412903 319.956726 280.722595 341.906128 342.589111 342.742981 323.341156 281.123657 314.521576 302.797607 
308.235901 296.644470 281.108429 319.232300 321.107239 333.250702 320.734955 301.811676 285.046082 295.981293 287.054321 260.552917 278.432129 274.248444 317.662811 301.706787 313.728546 309.536316 278.981812 320.164246 308.940033 293.646698 300.094147 328.614532 291.665283 323.933380 314.785797 301.160034 316.758606 263.483795 347.329071 332.874054 
343.928253 280.635223 261.437042 324.423523 320.295105 347.594666 318.844910 301.111664 252.393112 292.522247 307.601562 274.394928 290.740082 259.397217 323.739471 298.586060 285.152557 328.991577 270.607605 330.523590 306.790741 294.850922 288.082520 316.843262 303.841827 346.392426 334.652649 339.255524 347.923431 274.273102 323.894440 290.069275 
273.084717 264.119385 230.136597 294.003357 286.629089 276.763336 265.381683 243.805954 238.112167 247.979172 240.928085 231.813568 212.835846 204.178345 257.087799 252.310165 254.734222 273.654358 224.684006 254.724594 249.746338 236.383179 245.293106 278.464478 250.355774 284.548859 277.690765 273.168549 275.883301 229.557068 281.181122 277.910339 
342.991241 346.310425 278.084015 377.454468 397.618927 362.830292 375.607544 331.818970 306.731140 299.062286 341.269073 294.464447 315.920105 274.254303 334.744415 360.756439 352.825104 339.489075 266.118500 369.009674 363.879120 317.802216 307.598785 353.311005 338.900177 375.643982 374.811401 358.414612 332.463959 285.293549 345.585236 330.428864 
262.286011 260.821167 222.029816 277.613007 309.415833 291.300781 284.251648 295.414581 259.852753 261.078033 286.746277 213.815887 257.216949 239.059189 244.443359 280.667419 262.635345 269.725128 236.334732 296.948395 260.608734 275.407806 259.081879 253.511856 268.582855 306.252167 285.083893 285.737915 278.281311 247.791641 279.781647 278.893219 
287.170410 303.942932 268.769165 319.591156 308.944061 346.310242 338.231659 266.241394 267.563416 276.097839 281.092957 282.229675 279.743042 239.211777 304.131683 292.350220 304.940063 286.428741 263.877075 319.561523 285.765106 272.551270 295.276520 310.344330 286.508850 327.794922 336.484283 315.208801 315.337219 259.027191 313.559631 279.406342 
304.691254 269.827118 268.095612 320.588928 298.480743 339.725677 318.567261 299.370026 283.565399 275.914520 256.939087 234.020874 251.932434 236.638977 303.533051 296.887451 269.787994 311.629272 261.347626 304.280273 247.293137 294.258057 297.500641 277.307587 286.197021 314.822968 315.991241 305.706696 293.880707 251.412735 304.140198 297.012085 
267.815002 228.256500 235.283340 298.220306 283.961395 286.365784 288.764465 267.883545 219.960892 262.857269 264.405212 189.860138 231.039444 223.250977 276.697601 266.771820 242.929367 292.000092 242.135147 260.162354 238.126266 258.016602 224.693451 279.184235 252.178482 272.161804 272.332458 302.271210 274.533997 232.114746 268.936310 268.929718 
396.348816 345.060150 300.772858 369.606476 380.262848 424.783203 376.540314 311.494995 350.942902 327.972595 355.431641 341.689514 340.596313 303.501617 340.375183 355.750580 366.235779 357.784393 314.393402 405.777527 358.691101 342.086853 344.306793 368.426392 345.398407 404.170654 389.853363 374.967133 361.989655 310.312927 360.415070 350.037415 
325.831909 298.884918 295.306030 323.594971 343.209045 337.157196 335.541626 319.233612 291.302826 298.032410 312.657166 257.839691 295.149292 271.890076 304.242767 288.149963 266.271820 324.061798 254.422318 320.237885 313.024414 284.944794 289.773071 298.561432 316.790771 343.223541 360.123535 340.360809 324.379486 262.504669 346.048798 339.265167 
299.805664 267.378601 249.979202 320.143677 323.230865 328.489288 290.188354 308.384979 290.889404 274.835785 311.118195 254.857285 292.037537 263.099457 295.329498 299.488739 282.419220 314.397888 281.144989 307.975433 291.563782 304.431549 276.459259 272.800964 300.947235 328.778595 318.109467 352.217377 290.290131 247.862900 327.359192 315.774567 
262.072784 262.896057 229.838684 298.102631 274.261353 337.422943 291.241028 258.958984 260.522827 270.687988 255.827316 245.753677 259.174438 236.222397 271.062225 252.466217 242.200195 275.035370 247.902527 307.506531 276.194794 235.761597 235.752090 290.608978 264.751221 274.027527 293.355072 257.883087 301.372467 219.401840 278.195496 280.978119 
241.959503 238.602188 194.654037 271.175598 254.986557 258.596954 257.893860 231.671524 223.624664 230.171188 254.634949 218.853683 232.429108 207.852890 236.632828 222.572144 237.437851 245.019058 212.890991 244.739929 256.188171 230.750549 231.689774 233.903717 236.222610 277.078583 248.464523 257.607697 248.683105 207.457779 257.140747 243.297867 
320.212952 281.772705 245.328033 322.585297 307.179413 327.024475 328.416504 294.894135 254.797699 275.742218 253.021729 219.601700 270.940643 267.299530 292.579041 275.140778 269.838684 276.875183 239.918610 280.872131 281.908844 295.622040 285.165253 288.558502 283.129547 302.033630 303.437378 309.403412 285.596680 241.241394 301.197144 295.950409 
341.412476 300.179810 271.450958 369.268738 355.587616 359.423218 350.379883 281.810364 273.457397 323.822083 312.413025 280.963562 280.119781 276.281799 335.509644 317.173004 305.113861 346.225037 295.041138 328.219940 307.598145 317.054443 303.757751 337.345673 287.022461 348.917297 349.816406 335.556305 361.736633 274.227905 354.076324 341.053009 
279.664368 280.360016 238.638290 302.192902 324.178253 311.176575 357.076813 266.982269 238.072601 284.365570 268.330688 213.590103 255.148483 220.142441 282.036438 288.188446 262.110321 273.457825 248.458328 279.599304 266.544342 282.343170 276.029022 277.997284 272.895966 300.082672 302.404938 297.159271 298.007660 244.843033 289.011475 305.800690 
263.701477 254.144653 208.913483 287.565399 307.688263 277.617584 257.195526 274.100006 239.328171 225.729202 226.376541 228.808182 258.464905 229.463882 250.774445 253.984665 250.469879 258.197815 195.561172 285.532288 290.663086 251.150314 244.691666 288.014862 238.686401 253.530396 273.951965 263.061005 266.416748 231.706970 266.095642 252.868195 
297.512177 258.389832 252.528290 323.996826 320.278992 320.311401 298.254303 284.403198 246.121338 250.879486 312.087036 246.308380 275.735748 254.901077 288.420776 299.957184 268.002808 283.902161 250.646317 292.186279 311.437683 273.815857 255.070404 307.359009 273.356537 314.455780 300.304993 311.491821 285.662415 238.093048 302.338959 305.270386 
