19463.503906 20801.687500 19299.205078 17968.275391 18432.140625 19656.775391 20551.970703 20042.830078 21542.462891 20844.302734 18821.214844 19403.488281 19470.437500 18809.039062 17832.349609 18895.728516 19202.064453 17211.349609 19654.970703 19849.107422 18133.080078 17188.669922 20598.152344 20497.667969 21306.320312 16622.130859 20324.341797 19343.808594 17964.951172 21212.146484 19221.710938 17903.880859 
19463.498047 20801.679688 19299.203125 17968.271484 18432.134766 19656.773438 20551.962891 20042.826172 21542.455078 20844.296875 18821.210938 19403.482422 19470.433594 18809.035156 17832.343750 18895.726562 19202.062500 17211.343750 19654.962891 19849.105469 18133.076172 17188.666016 20598.150391 20497.664062 21306.314453 16622.125000 20324.333984 19343.800781 17964.947266 21212.138672 19221.705078 17903.873047 
19463.507812 20801.691406 19299.207031 17968.275391 18432.142578 19656.775391 20551.974609 20042.833984 21542.462891 20844.304688 18821.218750 19403.492188 19470.439453 18809.041016 17832.351562 18895.732422 19202.066406 17211.351562 19654.972656 19849.109375 18133.082031 17188.671875 20598.154297 20497.669922 21306.320312 16622.132812 20324.343750 19343.810547 17964.953125 21212.146484 19221.714844 17903.882812 
19463.501953 20801.685547 19299.205078 17968.273438 18432.136719 19656.775391 20551.970703 20042.832031 21542.458984 20844.300781 18821.216797 19403.488281 19470.437500 18809.039062 17832.347656 18895.730469 19202.066406 17211.347656 19654.970703 19849.109375 18133.078125 17188.669922 20598.152344 20497.667969 21306.320312 16622.130859 20324.337891 19343.806641 17964.953125 21212.140625 19221.712891 17903.876953 
19463.500000 20801.679688 19299.203125 17968.269531 18432.134766 19656.769531 20551.966797 20042.824219 21542.458984 20844.296875 18821.208984 19403.484375 19470.433594 18809.035156 17832.343750 18895.724609 19202.060547 17211.345703 19654.964844 19849.107422 18133.076172 17188.667969 20598.148438 20497.664062 21306.312500 16622.128906 20324.339844 19343.802734 17964.947266 21212.138672 19221.705078 17903.876953 
19463.501953 20801.679688 19299.203125 17968.273438 18432.134766 19656.777344 20551.968750 20042.830078 21542.457031 20844.300781 18821.212891 19403.486328 19470.435547 18809.037109 17832.347656 18895.728516 19202.064453 17211.345703 19654.966797 19849.107422 18133.078125 17188.669922 20598.150391 20497.666016 21306.316406 16622.126953 20324.335938 19343.804688 17964.947266 21212.138672 19221.705078 17903.875000 
19463.501953 20801.685547 19299.205078 17968.273438 18432.136719 19656.777344 20551.972656 20042.832031 21542.458984 20844.300781 18821.216797 19403.490234 19470.439453 18809.039062 17832.349609 18895.730469 19202.066406 17211.347656 19654.970703 19849.111328 18133.080078 17188.671875 20598.154297 20497.669922 21306.320312 16622.130859 20324.337891 19343.806641 17964.953125 21212.140625 19221.712891 17903.878906 
19463.501953 20801.685547 19299.205078 17968.275391 18432.134766 19656.777344 20551.972656 20042.832031 21542.460938 20844.300781 18821.214844 19403.490234 19470.439453 18809.039062 17832.347656 18895.730469 19202.066406 17211.347656 19654.970703 19849.111328 18133.080078 17188.671875 20598.154297 20497.669922 21306.320312 16622.128906 20324.335938 19343.804688 17964.951172 21212.138672 19221.712891 17903.876953 
19463.503906 20801.687500 19299.207031 17968.273438 18432.140625 19656.777344 20551.972656 20042.830078 21542.464844 20844.304688 18821.216797 19403.488281 19470.437500 18809.041016 17832.347656 18895.728516 19202.064453 17211.351562 19654.972656 19849.109375 18133.082031 17188.673828 20598.154297 20497.667969 21306.320312 16622.132812 20324.345703 19343.808594 17964.953125 21212.146484 19221.710938 17903.882812 
19463.498047 20801.675781 19299.199219 17968.269531 18432.130859 19656.773438 20551.960938 20042.826172 21542.451172 20844.294922 18821.210938 19403.480469 19470.433594 18809.031250 17832.343750 18895.726562 19202.060547 17211.341797 19654.960938 19849.101562 18133.074219 17188.666016 20598.146484 20497.662109 21306.312500 16622.125000 20324.333984 19343.800781 17964.943359 21212.134766 19221.701172 17903.871094 
19463.507812 20801.691406 19299.208984 17968.275391 18432.142578 19656.777344 20551.974609 20042.833984 21542.464844 20844.304688 18821.218750 19403.492188 19470.439453 18809.041016 17832.351562 18895.732422 19202.068359 17211.351562 19654.972656 19849.109375 18133.082031 17188.671875 20598.154297 20497.669922 21306.322266 16622.132812 20324.343750 19343.810547 17964.955078 21212.146484 19221.714844 17903.882812 
19463.507812 20801.691406 19299.208984 17968.275391 18432.142578 19656.777344 20551.976562 20042.833984 21542.466797 20844.306641 18821.218750 19403.492188 19470.439453 18809.042969 17832.351562 18895.732422 19202.068359 17211.353516 19654.974609 19849.113281 18133.083984 17188.675781 20598.156250 20497.671875 21306.324219 16622.134766 20324.345703 19343.810547 17964.955078 21212.146484 19221.714844 17903.884766 
19463.501953 20801.683594 19299.205078 17968.273438 18432.134766 19656.777344 20551.968750 20042.830078 21542.458984 20844.300781 18821.214844 19403.488281 19470.435547 18809.037109 17832.347656 18895.730469 19202.064453 17211.345703 19654.970703 19849.109375 18133.080078 17188.671875 20598.152344 20497.669922 21306.316406 16622.128906 20324.335938 19343.802734 17964.949219 21212.138672 19221.708984 17903.875000 
19463.498047 20801.679688 19299.203125 17968.271484 18432.134766 19656.773438 20551.962891 20042.826172 21542.455078 20844.296875 18821.210938 19403.482422 19470.433594 18809.035156 17832.343750 18895.726562 19202.062500 17211.343750 19654.962891 19849.103516 18133.074219 17188.666016 20598.148438 20497.664062 21306.314453 16622.125000 20324.333984 19343.800781 17964.945312 21212.138672 19221.705078 17903.873047 
19463.503906 20801.691406 19299.207031 17968.275391 18432.142578 19656.777344 20551.974609 20042.832031 21542.464844 20844.304688 18821.216797 19403.492188 19470.437500 18809.041016 17832.349609 18895.730469 19202.066406 17211.353516 19654.972656 19849.113281 18133.083984 17188.673828 20598.156250 20497.671875 21306.322266 16622.134766 20324.345703 19343.810547 17964.955078 21212.146484 19221.714844 17903.884766 
19463.503906 20801.687500 19299.203125 17968.273438 18432.138672 19656.773438 20551.970703 20042.830078 21542.460938 20844.300781 18821.214844 19403.488281 19470.437500 18809.039062 17832.347656 18895.728516 19202.064453 17211.349609 19654.968750 19849.107422 18133.080078 17188.669922 20598.152344 20497.666016 21306.318359 16622.128906 20324.339844 19343.808594 17964.951172 21212.146484 19221.710938 17903.878906 
19463.494141 20801.673828 19299.199219 17968.269531 18432.130859 19656.771484 20551.958984 20042.822266 21542.453125 20844.292969 18821.207031 19403.480469 19470.431641 18809.031250 17832.341797 18895.722656 19202.058594 17211.339844 19654.962891 19849.103516 18133.072266 17188.664062 20598.146484 20497.662109 21306.308594 16622.121094 20324.332031 19343.798828 17964.943359 21212.134766 19221.701172 17903.869141 
19463.498047 20801.679688 19299.201172 17968.269531 18432.132812 19656.769531 20551.962891 20042.824219 21542.453125 20844.294922 18821.208984 19403.482422 19470.433594 18809.035156 17832.341797 18895.722656 19202.058594 17211.343750 19654.962891 19849.103516 18133.076172 17188.666016 20598.146484 20497.662109 21306.312500 16622.125000 20324.335938 19343.804688 17964.947266 21212.136719 19221.707031 17903.873047 
19463.503906 20801.683594 19299.205078 17968.273438 18432.138672 19656.773438 20551.970703 20042.828125 21542.462891 20844.302734 18821.212891 19403.488281 19470.437500 18809.041016 17832.347656 18895.728516 19202.064453 17211.351562 19654.968750 19849.109375 18133.082031 17188.671875 20598.152344 20497.667969 21306.318359 16622.130859 20324.343750 19343.808594 17964.951172 21212.146484 19221.710938 17903.880859 
19463.500000 20801.683594 19299.203125 17968.273438 18432.138672 19656.771484 20551.968750 20042.828125 21542.458984 20844.298828 18821.212891 19403.488281 19470.435547 18809.039062 17832.347656 18895.726562 19202.062500 17211.347656 19654.968750 19849.107422 18133.078125 17188.667969 20598.148438 20497.666016 21306.314453 16622.126953 20324.341797 19343.808594 17964.949219 21212.146484 19221.708984 17903.878906 
19463.507812 20801.691406 19299.208984 17968.275391 18432.142578 19656.777344 20551.974609 20042.833984 21542.464844 20844.308594 18821.218750 19403.492188 19470.439453 18809.042969 17832.351562 18895.732422 19202.068359 17211.353516 19654.972656 19849.113281 18133.083984 17188.673828 20598.156250 20497.671875 21306.322266 16622.134766 20324.345703 19343.810547 17964.955078 21212.146484 19221.714844 17903.884766 
19463.503906 20801.687500 19299.207031 17968.275391 18432.140625 19656.775391 20551.972656 20042.832031 21542.462891 20844.304688 18821.216797 19403.488281 19470.437500 18809.039062 17832.349609 18895.730469 19202.066406 17211.351562 19654.970703 19849.109375 18133.080078 17188.671875 20598.154297 20497.667969 21306.320312 16622.130859 20324.343750 19343.808594 17964.953125 21212.146484 19221.712891 17903.882812 
19463.507812 20801.691406 19299.208984 17968.277344 18432.142578 19656.777344 20551.974609 20042.833984 21542.466797 20844.304688 18821.218750 19403.492188 19470.439453 18809.041016 17832.351562 18895.732422 19202.068359 17211.351562 19654.974609 19849.111328 18133.082031 17188.673828 20598.154297 20497.671875 21306.324219 16622.132812 20324.343750 19343.810547 17964.955078 21212.146484 19221.714844 17903.884766 
19463.494141 20801.671875 19299.199219 17968.267578 18432.126953 19656.769531 20551.958984 20042.822266 21542.451172 20844.291016 18821.205078 19403.478516 19470.431641 18809.031250 17832.339844 18895.722656 19202.056641 17211.339844 19654.958984 19849.101562 18133.072266 17188.662109 20598.144531 20497.660156 21306.308594 16622.121094 20324.330078 19343.798828 17964.943359 21212.130859 19221.701172 17903.869141 
19463.501953 20801.687500 19299.205078 17968.275391 18432.136719 19656.775391 20551.970703 20042.830078 21542.458984 20844.300781 18821.214844 19403.490234 19470.437500 18809.037109 17832.347656 18895.730469 19202.066406 17211.347656 19654.970703 19849.109375 18133.082031 17188.669922 20598.152344 20497.667969 21306.318359 16622.130859 20324.339844 19343.808594 17964.953125 21212.144531 19221.714844 17903.880859 
19463.498047 20801.675781 19299.201172 17968.269531 18432.134766 19656.773438 20551.962891 20042.826172 21542.453125 20844.296875 18821.210938 19403.480469 19470.433594 18809.033203 17832.343750 18895.726562 19202.062500 17211.343750 19654.962891 19849.103516 18133.074219 17188.666016 20598.148438 20497.662109 21306.312500 16622.125000 20324.333984 19343.800781 17964.945312 21212.134766 19221.701172 17903.871094 
19463.498047 20801.679688 19299.203125 17968.273438 18432.134766 19656.773438 20551.962891 20042.826172 21542.455078 20844.296875 18821.210938 19403.482422 19470.433594 18809.035156 17832.343750 18895.726562 19202.062500 17211.343750 19654.962891 19849.105469 18133.076172 17188.666016 20598.150391 20497.664062 21306.314453 16622.125000 20324.333984 19343.800781 17964.947266 21212.138672 19221.705078 17903.873047 
19463.507812 20801.691406 19299.207031 17968.275391 18432.142578 19656.775391 20551.974609 20042.833984 21542.462891 20844.304688 18821.218750 19403.492188 19470.439453 18809.041016 17832.351562 18895.732422 19202.066406 17211.351562 19654.972656 19849.109375 18133.082031 17188.671875 20598.154297 20497.669922 21306.320312 16622.132812 20324.343750 19343.810547 17964.953125 21212.146484 19221.714844 17903.882812 
19463.498047 20801.681641 19299.203125 17968.273438 18432.136719 19656.773438 20551.966797 20042.828125 21542.458984 20844.296875 18821.212891 19403.484375 19470.435547 18809.037109 17832.345703 18895.726562 19202.062500 17211.345703 19654.968750 19849.107422 18133.078125 17188.669922 20598.150391 20497.666016 21306.318359 16622.126953 20324.337891 19343.804688 17964.949219 21212.140625 19221.708984 17903.875000 
19463.501953 20801.685547 19299.205078 17968.275391 18432.136719 19656.775391 20551.970703 20042.830078 21542.458984 20844.298828 18821.214844 19403.488281 19470.437500 18809.037109 17832.347656 18895.728516 19202.064453 17211.347656 19654.970703 19849.109375 18133.080078 17188.669922 20598.152344 20497.667969 21306.318359 16622.128906 20324.337891 19343.804688 17964.951172 21212.140625 19221.712891 17903.878906 
19463.500000 20801.681641 19299.203125 17968.273438 18432.134766 19656.775391 20551.966797 20042.828125 21542.455078 20844.298828 18821.210938 19403.486328 19470.435547 18809.035156 17832.343750 18895.728516 19202.062500 17211.345703 19654.964844 19849.105469 18133.076172 17188.667969 20598.148438 20497.666016 21306.314453 16622.126953 20324.335938 19343.802734 17964.947266 21212.138672 19221.708984 17903.875000 
19463.501953 20801.685547 19299.207031 17968.277344 18432.140625 19656.777344 20551.972656 20042.832031 21542.460938 20844.300781 18821.216797 19403.490234 19470.439453 18809.039062 17832.349609 18895.730469 19202.066406 17211.349609 19654.972656 19849.111328 18133.080078 17188.673828 20598.154297 20497.671875 21306.322266 16622.130859 20324.339844 19343.806641 17964.953125 21212.140625 19221.712891 17903.878906 
19463.507812 20801.691406 19299.210938 17968.277344 18432.144531 19656.779297 20551.976562 20042.833984 21542.468750 20844.308594 18821.220703 19403.496094 19470.439453 18809.044922 17832.351562 18895.732422 19202.068359 17211.355469 19654.976562 19849.115234 18133.085938 17188.677734 20598.156250 20497.673828 21306.324219 16622.134766 20324.347656 19343.810547 17964.957031 21212.150391 19221.714844 17903.886719 
19463.507812 20801.691406 19299.210938 17968.277344 18432.144531 19656.779297 20551.976562 20042.833984 21542.468750 20844.308594 18821.220703 19403.496094 19470.439453 18809.044922 17832.351562 18895.732422 19202.068359 17211.355469 19654.976562 19849.115234 18133.085938 17188.677734 20598.156250 20497.673828 21306.324219 16622.134766 20324.347656 19343.810547 17964.957031 21212.150391 19221.714844 17903.886719 
19463.507812 20801.691406 19299.210938 17968.277344 18432.144531 19656.779297 20551.976562 20042.833984 21542.468750 20844.308594 18821.220703 19403.496094 19470.439453 18809.044922 17832.351562 18895.732422 19202.068359 17211.355469 19654.976562 19849.115234 18133.085938 17188.677734 20598.156250 20497.673828 21306.324219 16622.134766 20324.347656 19343.810547 17964.957031 21212.150391 19221.714844 17903.886719 
19463.507812 20801.691406 19299.210938 17968.277344 18432.144531 19656.779297 20551.976562 20042.833984 21542.468750 20844.308594 18821.220703 19403.496094 19470.439453 18809.044922 17832.351562 18895.732422 19202.068359 17211.355469 19654.976562 19849.115234 18133.085938 17188.677734 20598.156250 20497.673828 21306.324219 16622.134766 20324.347656 19343.810547 17964.957031 21212.150391 19221.714844 17903.886719 
19463.507812 20801.691406 19299.210938 17968.277344 18432.144531 19656.779297 20551.976562 20042.833984 21542.468750 20844.308594 18821.220703 19403.496094 19470.439453 18809.044922 17832.351562 18895.732422 19202.068359 17211.355469 19654.976562 19849.115234 18133.085938 17188.677734 20598.156250 20497.673828 21306.324219 16622.134766 20324.347656 19343.810547 17964.957031 21212.150391 19221.714844 17903.886719 
19463.507812 20801.691406 19299.210938 17968.277344 18432.144531 19656.779297 20551.976562 20042.833984 21542.468750 20844.308594 18821.220703 19403.496094 19470.439453 18809.044922 17832.351562 18895.732422 19202.068359 17211.355469 19654.976562 19849.115234 18133.085938 17188.677734 20598.156250 20497.673828 21306.324219 16622.134766 20324.347656 19343.810547 17964.957031 21212.150391 19221.714844 17903.886719 
19463.507812 20801.691406 19299.210938 17968.277344 18432.144531 19656.779297 20551.976562 20042.833984 21542.468750 20844.308594 18821.220703 19403.496094 19470.439453 18809.044922 17832.351562 18895.732422 19202.068359 17211.355469 19654.976562 19849.115234 18133.085938 17188.677734 20598.156250 20497.673828 21306.324219 16622.134766 20324.347656 19343.810547 17964.957031 21212.150391 19221.714844 17903.886719 
19463.507812 20801.691406 19299.210938 17968.277344 18432.144531 19656.779297 20551.976562 20042.833984 21542.468750 20844.308594 18821.220703 19403.496094 19470.439453 18809.044922 17832.351562 18895.732422 19202.068359 17211.355469 19654.976562 19849.115234 18133.085938 17188.677734 20598.156250 20497.673828 21306.324219 16622.134766 20324.347656 19343.810547 17964.957031 21212.150391 19221.714844 17903.886719 
19463.507812 20801.691406 19299.210938 17968.277344 18432.144531 19656.779297 20551.976562 20042.833984 21542.468750 20844.308594 18821.220703 19403.496094 19470.439453 18809.044922 17832.351562 18895.732422 19202.068359 17211.355469 19654.976562 19849.115234 18133.085938 17188.677734 20598.156250 20497.673828 21306.324219 16622.134766 20324.347656 19343.810547 17964.957031 21212.150391 19221.714844 17903.886719 
19463.507812 20801.691406 19299.210938 17968.277344 18432.144531 19656.779297 20551.976562 20042.833984 21542.468750 20844.308594 18821.220703 19403.496094 19470.439453 18809.044922 17832.351562 18895.732422 19202.068359 17211.355469 19654.976562 19849.115234 18133.085938 17188.677734 20598.156250 20497.673828 21306.324219 16622.134766 20324.347656 19343.810547 17964.957031 21212.150391 19221.714844 17903.886719 
19463.507812 20801.691406 19299.210938 17968.277344 18432.144531 19656.779297 20551.976562 20042.833984 21542.468750 20844.308594 18821.220703 19403.496094 19470.439453 18809.044922 17832.351562 18895.732422 19202.068359 17211.355469 19654.976562 19849.115234 18133.085938 17188.677734 20598.156250 20497.673828 21306.324219 16622.134766 20324.347656 19343.810547 17964.957031 21212.150391 19221.714844 17903.886719 
19463.507812 20801.691406 19299.210938 17968.277344 18432.144531 19656.779297 20551.976562 20042.833984 21542.468750 20844.308594 18821.220703 19403.496094 19470.439453 18809.044922 17832.351562 18895.732422 19202.068359 17211.355469 19654.976562 19849.115234 18133.085938 17188.677734 20598.156250 20497.673828 21306.324219 16622.134766 20324.347656 19343.810547 17964.957031 21212.150391 19221.714844 17903.886719 
19463.507812 20801.691406 19299.210938 17968.277344 18432.144531 19656.779297 20551.976562 20042.833984 21542.468750 20844.308594 18821.220703 19403.496094 19470.439453 18809.044922 17832.351562 18895.732422 19202.068359 17211.355469 19654.976562 19849.115234 18133.085938 17188.677734 20598.156250 20497.673828 21306.324219 16622.134766 20324.347656 19343.810547 17964.957031 21212.150391 19221.714844 17903.886719 
19463.507812 20801.691406 19299.210938 17968.277344 18432.144531 19656.779297 20551.976562 20042.833984 21542.468750 20844.308594 18821.220703 19403.496094 19470.439453 18809.044922 17832.351562 18895.732422 19202.068359 17211.355469 19654.976562 19849.115234 18133.085938 17188.677734 20598.156250 20497.673828 21306.324219 16622.134766 20324.347656 19343.810547 17964.957031 21212.150391 19221.714844 17903.886719 
19463.507812 20801.691406 19299.210938 17968.277344 18432.144531 19656.779297 20551.976562 20042.833984 21542.468750 20844.308594 18821.220703 19403.496094 19470.439453 18809.044922 17832.351562 18895.732422 19202.068359 17211.355469 19654.976562 19849.115234 18133.085938 17188.677734 20598.156250 20497.673828 21306.324219 16622.134766 20324.347656 19343.810547 17964.957031 21212.150391 19221.714844 17903.886719 
19463.507812 20801.691406 19299.210938 17968.277344 18432.144531 19656.779297 20551.976562 20042.833984 21542.468750 20844.308594 18821.220703 19403.496094 19470.439453 18809.044922 17832.351562 18895.732422 19202.068359 17211.355469 19654.976562 19849.115234 18133.085938 17188.677734 20598.156250 20497.673828 21306.324219 16622.134766 20324.347656 19343.810547 17964.957031 21212.150391 19221.714844 17903.886719 
19463.507812 20801.691406 19299.210938 17968.277344 18432.144531 19656.779297 20551.976562 20042.833984 21542.468750 20844.308594 18821.220703 19403.496094 19470.439453 18809.044922 17832.351562 18895.732422 19202.068359 17211.355469 19654.976562 19849.115234 18133.085938 17188.677734 20598.156250 20497.673828 21306.324219 16622.134766 20324.347656 19343.810547 17964.957031 21212.150391 19221.714844 17903.886719 
19463.507812 20801.691406 19299.210938 17968.277344 18432.144531 19656.779297 20551.976562 20042.833984 21542.468750 20844.308594 18821.220703 19403.496094 19470.439453 18809.044922 17832.351562 18895.732422 19202.068359 17211.355469 19654.976562 19849.115234 18133.085938 17188.677734 20598.156250 20497.673828 21306.324219 16622.134766 20324.347656 19343.810547 17964.957031 21212.150391 19221.714844 17903.886719 
19463.507812 20801.691406 19299.210938 17968.277344 18432.144531 19656.779297 20551.976562 20042.833984 21542.468750 20844.308594 18821.220703 19403.496094 19470.439453 18809.044922 17832.351562 18895.732422 19202.068359 17211.355469 19654.976562 19849.115234 18133.085938 17188.677734 20598.156250 20497.673828 21306.324219 16622.134766 20324.347656 19343.810547 17964.957031 21212.150391 19221.714844 17903.886719 
19463.507812 20801.691406 19299.210938 17968.277344 18432.144531 19656.779297 20551.976562 20042.833984 21542.468750 20844.308594 18821.220703 19403.496094 19470.439453 18809.044922 17832.351562 18895.732422 19202.068359 17211.355469 19654.976562 19849.115234 18133.085938 17188.677734 20598.156250 20497.673828 21306.324219 16622.134766 20324.347656 19343.810547 17964.957031 21212.150391 19221.714844 17903.886719 
19463.507812 20801.691406 19299.210938 17968.277344 18432.144531 19656.779297 20551.976562 20042.833984 21542.468750 20844.308594 18821.220703 19403.496094 19470.439453 18809.044922 17832.351562 18895.732422 19202.068359 17211.355469 19654.976562 19849.115234 18133.085938 17188.677734 20598.156250 20497.673828 21306.324219 16622.134766 20324.347656 19343.810547 17964.957031 21212.150391 19221.714844 17903.886719 
19463.507812 20801.691406 19299.210938 17968.277344 18432.144531 19656.779297 20551.976562 20042.833984 21542.468750 20844.308594 18821.220703 19403.496094 19470.439453 18809.044922 17832.351562 18895.732422 19202.068359 17211.355469 19654.976562 19849.115234 18133.085938 17188.677734 20598.156250 20497.673828 21306.324219 16622.134766 20324.347656 19343.810547 17964.957031 21212.150391 19221.714844 17903.886719 
19463.507812 20801.691406 19299.210938 17968.277344 18432.144531 19656.779297 20551.976562 20042.833984 21542.468750 20844.308594 18821.220703 19403.496094 19470.439453 18809.044922 17832.351562 18895.732422 19202.068359 17211.355469 19654.976562 19849.115234 18133.085938 17188.677734 20598.156250 20497.673828 21306.324219 16622.134766 20324.347656 19343.810547 17964.957031 21212.150391 19221.714844 17903.886719 
19463.507812 20801.691406 19299.210938 17968.277344 18432.144531 19656.779297 20551.976562 20042.833984 21542.468750 20844.308594 18821.220703 19403.496094 19470.439453 18809.044922 17832.351562 18895.732422 19202.068359 17211.355469 19654.976562 19849.115234 18133.085938 17188.677734 20598.156250 20497.673828 21306.324219 16622.134766 20324.347656 19343.810547 17964.957031 21212.150391 19221.714844 17903.886719 
19463.507812 20801.691406 19299.210938 17968.277344 18432.144531 19656.779297 20551.976562 20042.833984 21542.468750 20844.308594 18821.220703 19403.496094 19470.439453 18809.044922 17832.351562 18895.732422 19202.068359 17211.355469 19654.976562 19849.115234 18133.085938 17188.677734 20598.156250 20497.673828 21306.324219 16622.134766 20324.347656 19343.810547 17964.957031 21212.150391 19221.714844 17903.886719 
19463.507812 20801.691406 19299.210938 17968.277344 18432.144531 19656.779297 20551.976562 20042.833984 21542.468750 20844.308594 18821.220703 19403.496094 19470.439453 18809.044922 17832.351562 18895.732422 19202.068359 17211.355469 19654.976562 19849.115234 18133.085938 17188.677734 20598.156250 20497.673828 21306.324219 16622.134766 20324.347656 19343.810547 17964.957031 21212.150391 19221.714844 17903.886719 
19463.507812 20801.691406 19299.210938 17968.277344 18432.144531 19656.779297 20551.976562 20042.833984 21542.468750 20844.308594 18821.220703 19403.496094 19470.439453 18809.044922 17832.351562 18895.732422 19202.068359 17211.355469 19654.976562 19849.115234 18133.085938 17188.677734 20598.156250 20497.673828 21306.324219 16622.134766 20324.347656 19343.810547 17964.957031 21212.150391 19221.714844 17903.886719 
19463.507812 20801.691406 19299.210938 17968.277344 18432.144531 19656.779297 20551.976562 20042.833984 21542.468750 20844.308594 18821.220703 19403.496094 19470.439453 18809.044922 17832.351562 18895.732422 19202.068359 17211.355469 19654.976562 19849.115234 18133.085938 17188.677734 20598.156250 20497.673828 21306.324219 16622.134766 20324.347656 19343.810547 17964.957031 21212.150391 19221.714844 17903.886719 
19463.507812 20801.691406 19299.210938 17968.277344 18432.144531 19656.779297 20551.976562 20042.833984 21542.468750 20844.308594 18821.220703 19403.496094 19470.439453 18809.044922 17832.351562 18895.732422 19202.068359 17211.355469 19654.976562 19849.115234 18133.085938 17188.677734 20598.156250 20497.673828 21306.324219 16622.134766 20324.347656 19343.810547 17964.957031 21212.150391 19221.714844 17903.886719 
19463.507812 20801.691406 19299.210938 17968.277344 18432.144531 19656.779297 20551.976562 20042.833984 21542.468750 20844.308594 18821.220703 19403.496094 19470.439453 18809.044922 17832.351562 18895.732422 19202.068359 17211.355469 19654.976562 19849.115234 18133.085938 17188.677734 20598.156250 20497.673828 21306.324219 16622.134766 20324.347656 19343.810547 17964.957031 21212.150391 19221.714844 17903.886719 
19463.507812 20801.691406 19299.210938 17968.277344 18432.144531 19656.779297 20551.976562 20042.833984 21542.468750 20844.308594 18821.220703 19403.496094 19470.439453 18809.044922 17832.351562 18895.732422 19202.068359 17211.355469 19654.976562 19849.115234 18133.085938 17188.677734 20598.156250 20497.673828 21306.324219 16622.134766 20324.347656 19343.810547 17964.957031 21212.150391 19221.714844 17903.886719 
19463.507812 20801.691406 19299.210938 17968.277344 18432.144531 19656.779297 20551.976562 20042.833984 21542.468750 20844.308594 18821.220703 19403.496094 19470.439453 18809.044922 17832.351562 18895.732422 19202.068359 17211.355469 19654.976562 19849.115234 18133.085938 17188.677734 20598.156250 20497.673828 21306.324219 16622.134766 20324.347656 19343.810547 17964.957031 21212.150391 19221.714844 17903.886719 
