19755.806641 20816.917969 19792.156250 18482.044922 18724.203125 19729.031250 20939.007812 20316.541016 21913.279297 21137.910156 19084.455078 19571.304688 19437.970703 18876.998047 18397.958984 19119.365234 19691.248047 17234.552734 19952.501953 19884.679688 18594.720703 17417.123047 20956.291016 20790.154297 21596.128906 16885.408203 20672.187500 19562.529297 18470.787109 21633.507812 19465.902344 17976.277344 
19755.804688 20816.914062 19792.152344 18482.037109 18724.199219 19729.023438 20939.003906 20316.535156 21913.269531 21137.904297 19084.447266 19571.300781 19437.968750 18876.992188 18397.958984 19119.359375 19691.246094 17234.542969 19952.496094 19884.675781 18594.716797 17417.117188 20956.291016 20790.146484 21596.126953 16885.404297 20672.185547 19562.525391 18470.779297 21633.503906 19465.900391 17976.275391 
19755.802734 20816.914062 19792.152344 18482.039062 18724.199219 19729.025391 20939.001953 20316.535156 21913.269531 21137.904297 19084.447266 19571.300781 19437.968750 18876.994141 18397.957031 19119.361328 19691.246094 17234.548828 19952.496094 19884.671875 18594.716797 17417.119141 20956.291016 20790.146484 21596.125000 16885.404297 20672.185547 19562.527344 18470.779297 21633.505859 19465.902344 17976.275391 
19755.806641 20816.916016 19792.156250 18482.042969 18724.201172 19729.029297 20939.007812 20316.539062 21913.275391 21137.908203 19084.451172 19571.304688 19437.972656 18876.996094 18397.962891 19119.365234 19691.248047 17234.550781 19952.500000 19884.677734 18594.720703 17417.121094 20956.294922 20790.152344 21596.128906 16885.408203 20672.189453 19562.529297 18470.783203 21633.507812 19465.904297 17976.279297 
19755.802734 20816.914062 19792.152344 18482.039062 18724.199219 19729.025391 20939.001953 20316.535156 21913.269531 21137.900391 19084.447266 19571.300781 19437.966797 18876.994141 18397.957031 19119.361328 19691.246094 17234.548828 19952.496094 19884.671875 18594.712891 17417.117188 20956.287109 20790.146484 21596.125000 16885.404297 20672.185547 19562.525391 18470.779297 21633.505859 19465.900391 17976.275391 
19755.808594 20816.919922 19792.158203 18482.044922 18724.205078 19729.033203 20939.009766 20316.544922 21913.281250 21137.914062 19084.455078 19571.308594 19437.972656 18877.000000 18397.960938 19119.369141 19691.250000 17234.554688 19952.503906 19884.681641 18594.724609 17417.125000 20956.294922 20790.156250 21596.132812 16885.410156 20672.189453 19562.529297 18470.787109 21633.509766 19465.904297 17976.281250 
19755.806641 20816.917969 19792.156250 18482.042969 18724.201172 19729.029297 20939.005859 20316.539062 21913.273438 21137.904297 19084.451172 19571.304688 19437.970703 18876.998047 18397.960938 19119.365234 19691.248047 17234.550781 19952.498047 19884.675781 18594.716797 17417.121094 20956.294922 20790.152344 21596.126953 16885.406250 20672.187500 19562.527344 18470.783203 21633.507812 19465.904297 17976.279297 
19755.802734 20816.914062 19792.154297 18482.041016 18724.197266 19729.025391 20939.003906 20316.535156 21913.275391 21137.908203 19084.451172 19571.300781 19437.966797 18876.992188 18397.955078 19119.363281 19691.244141 17234.550781 19952.496094 19884.673828 18594.712891 17417.119141 20956.291016 20790.150391 21596.125000 16885.406250 20672.183594 19562.521484 18470.783203 21633.503906 19465.898438 17976.277344 
19755.802734 20816.912109 19792.150391 18482.037109 18724.197266 19729.021484 20939.003906 20316.533203 21913.269531 21137.904297 19084.447266 19571.300781 19437.968750 18876.990234 18397.958984 19119.357422 19691.246094 17234.542969 19952.496094 19884.673828 18594.716797 17417.117188 20956.291016 20790.146484 21596.125000 16885.404297 20672.183594 19562.523438 18470.779297 21633.501953 19465.900391 17976.275391 
19755.800781 20816.910156 19792.150391 18482.037109 18724.197266 19729.021484 20939.001953 20316.533203 21913.267578 21137.902344 19084.447266 19571.296875 19437.964844 18876.990234 18397.953125 19119.359375 19691.242188 17234.548828 19952.494141 19884.671875 18594.712891 17417.117188 20956.287109 20790.144531 21596.123047 16885.402344 20672.181641 19562.521484 18470.779297 21633.503906 19465.898438 17976.273438 
19755.806641 20816.917969 19792.156250 18482.042969 18724.201172 19729.029297 20939.005859 20316.539062 21913.273438 21137.904297 19084.451172 19571.304688 19437.970703 18876.998047 18397.960938 19119.365234 19691.248047 17234.550781 19952.498047 19884.675781 18594.716797 17417.121094 20956.294922 20790.152344 21596.126953 16885.406250 20672.187500 19562.527344 18470.783203 21633.507812 19465.904297 17976.279297 
19755.810547 20816.923828 19792.160156 18482.046875 18724.205078 19729.033203 20939.009766 20316.544922 21913.281250 21137.914062 19084.455078 19571.308594 19437.972656 18877.000000 18397.962891 19119.369141 19691.250000 17234.556641 19952.503906 19884.681641 18594.720703 17417.125000 20956.298828 20790.158203 21596.130859 16885.412109 20672.191406 19562.529297 18470.787109 21633.511719 19465.904297 17976.281250 
19755.808594 20816.919922 19792.160156 18482.046875 18724.205078 19729.033203 20939.009766 20316.544922 21913.281250 21137.914062 19084.455078 19571.308594 19437.972656 18877.000000 18397.960938 19119.369141 19691.250000 17234.554688 19952.503906 19884.681641 18594.724609 17417.125000 20956.294922 20790.156250 21596.132812 16885.410156 20672.189453 19562.529297 18470.791016 21633.511719 19465.904297 17976.281250 
19755.804688 20816.914062 19792.154297 18482.041016 18724.199219 19729.025391 20939.003906 20316.537109 21913.271484 21137.904297 19084.447266 19571.300781 19437.966797 18876.994141 18397.957031 19119.361328 19691.246094 17234.548828 19952.496094 19884.673828 18594.716797 17417.119141 20956.291016 20790.148438 21596.125000 16885.404297 20672.185547 19562.525391 18470.783203 21633.505859 19465.900391 17976.275391 
19755.808594 20816.919922 19792.160156 18482.044922 18724.205078 19729.033203 20939.011719 20316.542969 21913.283203 21137.914062 19084.455078 19571.306641 19437.972656 18877.000000 18397.960938 19119.369141 19691.250000 17234.554688 19952.503906 19884.681641 18594.724609 17417.125000 20956.294922 20790.156250 21596.132812 16885.410156 20672.191406 19562.531250 18470.787109 21633.509766 19465.904297 17976.281250 
19755.808594 20816.917969 19792.158203 18482.044922 18724.205078 19729.033203 20939.011719 20316.542969 21913.281250 21137.914062 19084.455078 19571.306641 19437.974609 18877.000000 18397.962891 19119.369141 19691.248047 17234.554688 19952.501953 19884.681641 18594.724609 17417.125000 20956.298828 20790.156250 21596.132812 16885.410156 20672.191406 19562.529297 18470.787109 21633.509766 19465.904297 17976.281250 
19755.808594 20816.917969 19792.156250 18482.042969 18724.203125 19729.029297 20939.005859 20316.541016 21913.273438 21137.908203 19084.451172 19571.304688 19437.970703 18876.998047 18397.960938 19119.365234 19691.248047 17234.552734 19952.498047 19884.677734 18594.720703 17417.121094 20956.294922 20790.152344 21596.126953 16885.406250 20672.187500 19562.527344 18470.783203 21633.509766 19465.904297 17976.279297 
19755.808594 20816.917969 19792.156250 18482.044922 18724.205078 19729.031250 20939.007812 20316.541016 21913.277344 21137.910156 19084.455078 19571.306641 19437.970703 18877.000000 18397.960938 19119.367188 19691.248047 17234.554688 19952.501953 19884.679688 18594.720703 17417.123047 20956.294922 20790.154297 21596.130859 16885.408203 20672.189453 19562.527344 18470.783203 21633.509766 19465.904297 17976.281250 
19755.806641 20816.914062 19792.156250 18482.041016 18724.201172 19729.027344 20939.005859 20316.539062 21913.273438 21137.908203 19084.451172 19571.304688 19437.970703 18876.996094 18397.960938 19119.363281 19691.248047 17234.548828 19952.500000 19884.675781 18594.716797 17417.119141 20956.294922 20790.152344 21596.128906 16885.406250 20672.189453 19562.529297 18470.783203 21633.507812 19465.904297 17976.279297 
19755.804688 20816.912109 19792.154297 18482.039062 18724.199219 19729.025391 20939.003906 20316.535156 21913.271484 21137.904297 19084.447266 19571.300781 19437.968750 18876.992188 18397.958984 19119.359375 19691.246094 17234.546875 19952.498047 19884.673828 18594.716797 17417.117188 20956.291016 20790.148438 21596.125000 16885.404297 20672.185547 19562.527344 18470.779297 21633.505859 19465.902344 17976.275391 
19755.808594 20816.919922 19792.160156 18482.046875 18724.205078 19729.033203 20939.011719 20316.542969 21913.283203 21137.916016 19084.458984 19571.308594 19437.974609 18877.000000 18397.962891 19119.369141 19691.250000 17234.554688 19952.503906 19884.681641 18594.724609 17417.125000 20956.298828 20790.158203 21596.132812 16885.410156 20672.191406 19562.531250 18470.787109 21633.509766 19465.904297 17976.281250 
19755.808594 20816.919922 19792.158203 18482.044922 18724.205078 19729.033203 20939.009766 20316.542969 21913.281250 21137.914062 19084.455078 19571.308594 19437.972656 18877.000000 18397.960938 19119.369141 19691.250000 17234.554688 19952.501953 19884.681641 18594.720703 17417.125000 20956.294922 20790.156250 21596.130859 16885.410156 20672.189453 19562.529297 18470.787109 21633.509766 19465.904297 17976.281250 
19755.804688 20816.916016 19792.156250 18482.041016 18724.201172 19729.029297 20939.005859 20316.537109 21913.279297 21137.910156 19084.451172 19571.302734 19437.968750 18876.996094 18397.957031 19119.365234 19691.248047 17234.550781 19952.500000 19884.677734 18594.716797 17417.121094 20956.291016 20790.152344 21596.128906 16885.406250 20672.187500 19562.527344 18470.783203 21633.507812 19465.900391 17976.277344 
19755.808594 20816.917969 19792.158203 18482.044922 18724.205078 19729.033203 20939.009766 20316.542969 21913.279297 21137.912109 19084.455078 19571.306641 19437.972656 18877.000000 18397.960938 19119.369141 19691.248047 17234.554688 19952.501953 19884.679688 18594.720703 17417.123047 20956.294922 20790.154297 21596.130859 16885.408203 20672.189453 19562.527344 18470.787109 21633.509766 19465.904297 17976.281250 
19755.802734 20816.914062 19792.154297 18482.039062 18724.199219 19729.027344 20939.003906 20316.537109 21913.275391 21137.908203 19084.447266 19571.302734 19437.966797 18876.992188 18397.955078 19119.363281 19691.244141 17234.548828 19952.498047 19884.675781 18594.712891 17417.121094 20956.291016 20790.150391 21596.125000 16885.404297 20672.183594 19562.523438 18470.783203 21633.505859 19465.900391 17976.273438 
19755.804688 20816.914062 19792.154297 18482.041016 18724.201172 19729.027344 20939.003906 20316.535156 21913.273438 21137.906250 19084.451172 19571.300781 19437.966797 18876.994141 18397.957031 19119.361328 19691.246094 17234.550781 19952.498047 19884.673828 18594.716797 17417.121094 20956.291016 20790.150391 21596.126953 16885.406250 20672.185547 19562.525391 18470.783203 21633.505859 19465.900391 17976.277344 
19755.802734 20816.912109 19792.150391 18482.037109 18724.197266 19729.021484 20939.003906 20316.533203 21913.269531 21137.904297 19084.447266 19571.298828 19437.968750 18876.990234 18397.958984 19119.357422 19691.246094 17234.542969 19952.496094 19884.673828 18594.712891 17417.115234 20956.291016 20790.144531 21596.125000 16885.404297 20672.183594 19562.523438 18470.779297 21633.501953 19465.900391 17976.275391 
19755.808594 20816.919922 19792.160156 18482.046875 18724.205078 19729.033203 20939.011719 20316.542969 21913.283203 21137.916016 19084.458984 19571.308594 19437.974609 18877.000000 18397.962891 19119.369141 19691.250000 17234.554688 19952.503906 19884.681641 18594.724609 17417.125000 20956.298828 20790.158203 21596.132812 16885.410156 20672.191406 19562.531250 18470.787109 21633.509766 19465.904297 17976.281250 
19755.806641 20816.914062 19792.154297 18482.041016 18724.201172 19729.025391 20939.003906 20316.535156 21913.271484 21137.904297 19084.447266 19571.302734 19437.968750 18876.994141 18397.958984 19119.359375 19691.246094 17234.546875 19952.498047 19884.673828 18594.716797 17417.117188 20956.291016 20790.150391 21596.125000 16885.404297 20672.185547 19562.527344 18470.779297 21633.505859 19465.902344 17976.275391 
19755.798828 20816.908203 19792.148438 18482.033203 18724.195312 19729.021484 20938.998047 20316.529297 21913.265625 21137.896484 19084.443359 19571.294922 19437.962891 18876.988281 18397.953125 19119.355469 19691.240234 17234.544922 19952.488281 19884.667969 18594.708984 17417.113281 20956.287109 20790.144531 21596.119141 16885.398438 20672.177734 19562.517578 18470.775391 21633.501953 19465.896484 17976.271484 
19755.806641 20816.917969 19792.156250 18482.042969 18724.201172 19729.029297 20939.005859 20316.539062 21913.273438 21137.904297 19084.451172 19571.304688 19437.970703 18876.998047 18397.960938 19119.365234 19691.248047 17234.550781 19952.498047 19884.675781 18594.716797 17417.121094 20956.294922 20790.152344 21596.126953 16885.406250 20672.187500 19562.527344 18470.783203 21633.507812 19465.904297 17976.279297 
19755.800781 20816.910156 19792.150391 18482.037109 18724.195312 19729.021484 20938.998047 20316.531250 21913.267578 21137.900391 19084.443359 19571.296875 19437.964844 18876.990234 18397.953125 19119.357422 19691.242188 17234.546875 19952.492188 19884.669922 18594.708984 17417.115234 20956.287109 20790.144531 21596.121094 16885.400391 20672.179688 19562.519531 18470.779297 21633.501953 19465.898438 17976.271484 
19755.810547 20816.923828 19792.160156 18482.048828 18724.205078 19729.033203 20939.011719 20316.544922 21913.283203 21137.916016 19084.458984 19571.310547 19437.974609 18877.000000 18397.964844 19119.371094 19691.250000 17234.556641 19952.503906 19884.681641 18594.724609 17417.126953 20956.298828 20790.160156 21596.132812 16885.412109 20672.193359 19562.531250 18470.791016 21633.511719 19465.904297 17976.281250 
19755.810547 20816.923828 19792.160156 18482.048828 18724.205078 19729.033203 20939.011719 20316.544922 21913.283203 21137.916016 19084.458984 19571.310547 19437.974609 18877.000000 18397.964844 19119.371094 19691.250000 17234.556641 19952.503906 19884.681641 18594.724609 17417.126953 20956.298828 20790.160156 21596.132812 16885.412109 20672.193359 19562.531250 18470.791016 21633.511719 19465.904297 17976.281250 
19755.810547 20816.923828 19792.160156 18482.048828 18724.205078 19729.033203 20939.011719 20316.544922 21913.283203 21137.916016 19084.458984 19571.310547 19437.974609 18877.000000 18397.964844 19119.371094 19691.250000 17234.556641 19952.503906 19884.681641 18594.724609 17417.126953 20956.298828 20790.160156 21596.132812 16885.412109 20672.193359 19562.531250 18470.791016 21633.511719 19465.904297 17976.281250 
19755.810547 20816.923828 19792.160156 18482.048828 18724.205078 19729.033203 20939.011719 20316.544922 21913.283203 21137.916016 19084.458984 19571.310547 19437.974609 18877.000000 18397.964844 19119.371094 19691.250000 17234.556641 19952.503906 19884.681641 18594.724609 17417.126953 20956.298828 20790.160156 21596.132812 16885.412109 20672.193359 19562.531250 18470.791016 21633.511719 19465.904297 17976.281250 
19755.810547 20816.923828 19792.160156 18482.048828 18724.205078 19729.033203 20939.011719 20316.544922 21913.283203 21137.916016 19084.458984 19571.310547 19437.974609 18877.000000 18397.964844 19119.371094 19691.250000 17234.556641 19952.503906 19884.681641 18594.724609 17417.126953 20956.298828 20790.160156 21596.132812 16885.412109 20672.193359 19562.531250 18470.791016 21633.511719 19465.904297 17976.281250 
19755.810547 20816.923828 19792.160156 18482.048828 18724.205078 19729.033203 20939.011719 20316.544922 21913.283203 21137.916016 19084.458984 19571.310547 19437.974609 18877.000000 18397.964844 19119.371094 19691.250000 17234.556641 19952.503906 19884.681641 18594.724609 17417.126953 20956.298828 20790.160156 21596.132812 16885.412109 20672.193359 19562.531250 18470.791016 21633.511719 19465.904297 17976.281250 
19755.810547 20816.923828 19792.160156 18482.048828 18724.205078 19729.033203 20939.011719 20316.544922 21913.283203 21137.916016 19084.458984 19571.310547 19437.974609 18877.000000 18397.964844 19119.371094 19691.250000 17234.556641 19952.503906 19884.681641 18594.724609 17417.126953 20956.298828 20790.160156 21596.132812 16885.412109 20672.193359 19562.531250 18470.791016 21633.511719 19465.904297 17976.281250 
19755.810547 20816.923828 19792.160156 18482.048828 18724.205078 19729.033203 20939.011719 20316.544922 21913.283203 21137.916016 19084.458984 19571.310547 19437.974609 18877.000000 18397.964844 19119.371094 19691.250000 17234.556641 19952.503906 19884.681641 18594.724609 17417.126953 20956.298828 20790.160156 21596.132812 16885.412109 20672.193359 19562.531250 18470.791016 21633.511719 19465.904297 17976.281250 
19755.810547 20816.923828 19792.160156 18482.048828 18724.205078 19729.033203 20939.011719 20316.544922 21913.283203 21137.916016 19084.458984 19571.310547 19437.974609 18877.000000 18397.964844 19119.371094 19691.250000 17234.556641 19952.503906 19884.681641 18594.724609 17417.126953 20956.298828 20790.160156 21596.132812 16885.412109 20672.193359 19562.531250 18470.791016 21633.511719 19465.904297 17976.281250 
19755.810547 20816.923828 19792.160156 18482.048828 18724.205078 19729.033203 20939.011719 20316.544922 21913.283203 21137.916016 19084.458984 19571.310547 19437.974609 18877.000000 18397.964844 19119.371094 19691.250000 17234.556641 19952.503906 19884.681641 18594.724609 17417.126953 20956.298828 20790.160156 21596.132812 16885.412109 20672.193359 19562.531250 18470.791016 21633.511719 19465.904297 17976.281250 
19755.810547 20816.923828 19792.160156 18482.048828 18724.205078 19729.033203 20939.011719 20316.544922 21913.283203 21137.916016 19084.458984 19571.310547 19437.974609 18877.000000 18397.964844 19119.371094 19691.250000 17234.556641 19952.503906 19884.681641 18594.724609 17417.126953 20956.298828 20790.160156 21596.132812 16885.412109 20672.193359 19562.531250 18470.791016 21633.511719 19465.904297 17976.281250 
19755.810547 20816.923828 19792.160156 18482.048828 18724.205078 19729.033203 20939.011719 20316.544922 21913.283203 21137.916016 19084.458984 19571.310547 19437.974609 18877.000000 18397.964844 19119.371094 19691.250000 17234.556641 19952.503906 19884.681641 18594.724609 17417.126953 20956.298828 20790.160156 21596.132812 16885.412109 20672.193359 19562.531250 18470.791016 21633.511719 19465.904297 17976.281250 
19755.810547 20816.923828 19792.160156 18482.048828 18724.205078 19729.033203 20939.011719 20316.544922 21913.283203 21137.916016 19084.458984 19571.310547 19437.974609 18877.000000 18397.964844 19119.371094 19691.250000 17234.556641 19952.503906 19884.681641 18594.724609 17417.126953 20956.298828 20790.160156 21596.132812 16885.412109 20672.193359 19562.531250 18470.791016 21633.511719 19465.904297 17976.281250 
19755.810547 20816.923828 19792.160156 18482.048828 18724.205078 19729.033203 20939.011719 20316.544922 21913.283203 21137.916016 19084.458984 19571.310547 19437.974609 18877.000000 18397.964844 19119.371094 19691.250000 17234.556641 19952.503906 19884.681641 18594.724609 17417.126953 20956.298828 20790.160156 21596.132812 16885.412109 20672.193359 19562.531250 18470.791016 21633.511719 19465.904297 17976.281250 
19755.810547 20816.923828 19792.160156 18482.048828 18724.205078 19729.033203 20939.011719 20316.544922 21913.283203 21137.916016 19084.458984 19571.310547 19437.974609 18877.000000 18397.964844 19119.371094 19691.250000 17234.556641 19952.503906 19884.681641 18594.724609 17417.126953 20956.298828 20790.160156 21596.132812 16885.412109 20672.193359 19562.531250 18470.791016 21633.511719 19465.904297 17976.281250 
19755.810547 20816.923828 19792.160156 18482.048828 18724.205078 19729.033203 20939.011719 20316.544922 21913.283203 21137.916016 19084.458984 19571.310547 19437.974609 18877.000000 18397.964844 19119.371094 19691.250000 17234.556641 19952.503906 19884.681641 18594.724609 17417.126953 20956.298828 20790.160156 21596.132812 16885.412109 20672.193359 19562.531250 18470.791016 21633.511719 19465.904297 17976.281250 
19755.810547 20816.923828 19792.160156 18482.048828 18724.205078 19729.033203 20939.011719 20316.544922 21913.283203 21137.916016 19084.458984 19571.310547 19437.974609 18877.000000 18397.964844 19119.371094 19691.250000 17234.556641 19952.503906 19884.681641 18594.724609 17417.126953 20956.298828 20790.160156 21596.132812 16885.412109 20672.193359 19562.531250 18470.791016 21633.511719 19465.904297 17976.281250 
19755.810547 20816.923828 19792.160156 18482.048828 18724.205078 19729.033203 20939.011719 20316.544922 21913.283203 21137.916016 19084.458984 19571.310547 19437.974609 18877.000000 18397.964844 19119.371094 19691.250000 17234.556641 19952.503906 19884.681641 18594.724609 17417.126953 20956.298828 20790.160156 21596.132812 16885.412109 20672.193359 19562.531250 18470.791016 21633.511719 19465.904297 17976.281250 
19755.810547 20816.923828 19792.160156 18482.048828 18724.205078 19729.033203 20939.011719 20316.544922 21913.283203 21137.916016 19084.458984 19571.310547 19437.974609 18877.000000 18397.964844 19119.371094 19691.250000 17234.556641 19952.503906 19884.681641 18594.724609 17417.126953 20956.298828 20790.160156 21596.132812 16885.412109 20672.193359 19562.531250 18470.791016 21633.511719 19465.904297 17976.281250 
19755.810547 20816.923828 19792.160156 18482.048828 18724.205078 19729.033203 20939.011719 20316.544922 21913.283203 21137.916016 19084.458984 19571.310547 19437.974609 18877.000000 18397.964844 19119.371094 19691.250000 17234.556641 19952.503906 19884.681641 18594.724609 17417.126953 20956.298828 20790.160156 21596.132812 16885.412109 20672.193359 19562.531250 18470.791016 21633.511719 19465.904297 17976.281250 
19755.810547 20816.923828 19792.160156 18482.048828 18724.205078 19729.033203 20939.011719 20316.544922 21913.283203 21137.916016 19084.458984 19571.310547 19437.974609 18877.000000 18397.964844 19119.371094 19691.250000 17234.556641 19952.503906 19884.681641 18594.724609 17417.126953 20956.298828 20790.160156 21596.132812 16885.412109 20672.193359 19562.531250 18470.791016 21633.511719 19465.904297 17976.281250 
19755.810547 20816.923828 19792.160156 18482.048828 18724.205078 19729.033203 20939.011719 20316.544922 21913.283203 21137.916016 19084.458984 19571.310547 19437.974609 18877.000000 18397.964844 19119.371094 19691.250000 17234.556641 19952.503906 19884.681641 18594.724609 17417.126953 20956.298828 20790.160156 21596.132812 16885.412109 20672.193359 19562.531250 18470.791016 21633.511719 19465.904297 17976.281250 
19755.810547 20816.923828 19792.160156 18482.048828 18724.205078 19729.033203 20939.011719 20316.544922 21913.283203 21137.916016 19084.458984 19571.310547 19437.974609 18877.000000 18397.964844 19119.371094 19691.250000 17234.556641 19952.503906 19884.681641 18594.724609 17417.126953 20956.298828 20790.160156 21596.132812 16885.412109 20672.193359 19562.531250 18470.791016 21633.511719 19465.904297 17976.281250 
19755.810547 20816.923828 19792.160156 18482.048828 18724.205078 19729.033203 20939.011719 20316.544922 21913.283203 21137.916016 19084.458984 19571.310547 19437.974609 18877.000000 18397.964844 19119.371094 19691.250000 17234.556641 19952.503906 19884.681641 18594.724609 17417.126953 20956.298828 20790.160156 21596.132812 16885.412109 20672.193359 19562.531250 18470.791016 21633.511719 19465.904297 17976.281250 
19755.810547 20816.923828 19792.160156 18482.048828 18724.205078 19729.033203 20939.011719 20316.544922 21913.283203 21137.916016 19084.458984 19571.310547 19437.974609 18877.000000 18397.964844 19119.371094 19691.250000 17234.556641 19952.503906 19884.681641 18594.724609 17417.126953 20956.298828 20790.160156 21596.132812 16885.412109 20672.193359 19562.531250 18470.791016 21633.511719 19465.904297 17976.281250 
19755.810547 20816.923828 19792.160156 18482.048828 18724.205078 19729.033203 20939.011719 20316.544922 21913.283203 21137.916016 19084.458984 19571.310547 19437.974609 18877.000000 18397.964844 19119.371094 19691.250000 17234.556641 19952.503906 19884.681641 18594.724609 17417.126953 20956.298828 20790.160156 21596.132812 16885.412109 20672.193359 19562.531250 18470.791016 21633.511719 19465.904297 17976.281250 
19755.810547 20816.923828 19792.160156 18482.048828 18724.205078 19729.033203 20939.011719 20316.544922 21913.283203 21137.916016 19084.458984 19571.310547 19437.974609 18877.000000 18397.964844 19119.371094 19691.250000 17234.556641 19952.503906 19884.681641 18594.724609 17417.126953 20956.298828 20790.160156 21596.132812 16885.412109 20672.193359 19562.531250 18470.791016 21633.511719 19465.904297 17976.281250 
19755.810547 20816.923828 19792.160156 18482.048828 18724.205078 19729.033203 20939.011719 20316.544922 21913.283203 21137.916016 19084.458984 19571.310547 19437.974609 18877.000000 18397.964844 19119.371094 19691.250000 17234.556641 19952.503906 19884.681641 18594.724609 17417.126953 20956.298828 20790.160156 21596.132812 16885.412109 20672.193359 19562.531250 18470.791016 21633.511719 19465.904297 17976.281250 
19755.810547 20816.923828 19792.160156 18482.048828 18724.205078 19729.033203 20939.011719 20316.544922 21913.283203 21137.916016 19084.458984 19571.310547 19437.974609 18877.000000 18397.964844 19119.371094 19691.250000 17234.556641 19952.503906 19884.681641 18594.724609 17417.126953 20956.298828 20790.160156 21596.132812 16885.412109 20672.193359 19562.531250 18470.791016 21633.511719 19465.904297 17976.281250 
19755.810547 20816.923828 19792.160156 18482.048828 18724.205078 19729.033203 20939.011719 20316.544922 21913.283203 21137.916016 19084.458984 19571.310547 19437.974609 18877.000000 18397.964844 19119.371094 19691.250000 17234.556641 19952.503906 19884.681641 18594.724609 17417.126953 20956.298828 20790.160156 21596.132812 16885.412109 20672.193359 19562.531250 18470.791016 21633.511719 19465.904297 17976.281250 
19755.810547 20816.923828 19792.160156 18482.048828 18724.205078 19729.033203 20939.011719 20316.544922 21913.283203 21137.916016 19084.458984 19571.310547 19437.974609 18877.000000 18397.964844 19119.371094 19691.250000 17234.556641 19952.503906 19884.681641 18594.724609 17417.126953 20956.298828 20790.160156 21596.132812 16885.412109 20672.193359 19562.531250 18470.791016 21633.511719 19465.904297 17976.281250 
19755.810547 20816.923828 19792.160156 18482.048828 18724.205078 19729.033203 20939.011719 20316.544922 21913.283203 21137.916016 19084.458984 19571.310547 19437.974609 18877.000000 18397.964844 19119.371094 19691.250000 17234.556641 19952.503906 19884.681641 18594.724609 17417.126953 20956.298828 20790.160156 21596.132812 16885.412109 20672.193359 19562.531250 18470.791016 21633.511719 19465.904297 17976.281250 
