290.876343 315.188416 300.403168 298.255951 260.351593 309.089355 320.082458 313.918304 352.569550 334.856934 285.244751 310.181152 318.923370 281.158813 288.501984 270.897705 305.048950 273.976105 327.516296 298.246246 279.769409 279.232697 333.768585 313.312988 311.921478 253.594498 303.514191 300.341156 253.409561 318.415375 303.441620 265.278717 
333.443604 354.665009 293.158234 288.631866 328.027802 323.023987 329.152374 334.738922 357.332092 363.440765 340.457947 322.917877 330.377167 300.430298 305.977020 303.649078 344.942871 301.275299 292.519989 353.249634 318.326965 284.239014 347.445862 329.943054 371.045441 286.083984 345.207214 315.511169 311.719757 355.609985 301.228607 300.445618 
297.962708 331.323090 284.185944 269.373169 289.773834 305.408173 317.583252 301.601288 357.267548 315.156097 291.209351 304.881714 292.872498 291.441650 279.715210 285.087402 302.904449 243.044876 309.640045 287.500793 264.091461 274.701111 288.977264 318.878723 306.149261 248.431137 316.932312 321.078308 262.700897 304.759857 281.233795 265.612030 
273.163177 299.610931 253.391434 260.428314 272.136780 273.269104 289.141479 289.371185 305.646118 296.849091 264.767334 281.720062 277.013062 278.689301 243.770660 271.371185 263.440613 232.762009 284.199402 286.757446 261.462097 250.630630 268.714813 306.780548 313.299072 252.385757 282.207672 291.423950 257.881531 270.902466 255.174942 248.127106 
289.208008 323.099487 346.909607 293.690674 311.276855 317.981232 344.267731 324.556366 330.365601 357.609558 298.099182 317.763672 329.154205 308.572357 310.528168 296.377838 289.183929 302.901581 348.721741 329.307892 299.167603 290.964325 345.289337 343.848816 354.368988 279.113464 359.629639 311.113831 317.418793 358.575195 307.759644 284.275299 
326.397705 349.114807 309.905304 293.951538 308.355774 310.208679 314.898804 337.016876 362.717041 348.436493 324.498993 313.424652 310.175629 303.813599 293.558411 295.266876 320.804504 294.063568 325.954315 320.354004 303.561798 282.939758 323.935577 320.426971 353.544617 266.568024 346.247894 298.071899 287.648407 351.749268 327.889587 313.625031 
337.660767 346.573517 312.047974 325.569061 286.231537 323.811432 343.125916 330.454651 398.951111 330.182465 286.977051 308.764252 308.562622 285.132141 286.444275 320.363281 337.510773 272.885559 314.213806 312.845551 322.278534 313.282959 331.637848 345.248962 345.380249 259.637634 325.407867 317.448914 294.957092 330.678711 329.075165 293.040680 
289.041565 316.078003 303.412170 283.808838 272.082947 310.012054 305.286865 298.852722 295.634521 335.878479 294.372009 304.013947 287.966888 271.163849 277.751953 273.270538 303.255463 273.002106 316.077881 283.056702 272.471161 267.815643 339.074707 324.262482 321.948914 260.673767 316.057953 251.485779 269.289551 294.847748 308.511200 265.956635 
272.074860 275.356506 257.132568 212.444794 243.414337 244.720535 277.573334 286.469604 311.035614 302.992432 260.182709 265.196350 237.477661 260.714966 266.162567 261.916809 263.740387 230.945389 285.796844 252.531204 217.915451 236.749512 286.689148 282.006561 290.535370 187.378220 283.134308 268.489838 201.565216 305.342529 253.859329 255.209702 
325.649933 361.317505 332.591339 314.008820 291.574066 334.467072 358.086395 372.337006 361.856506 381.133514 350.535706 352.016418 361.689545 325.633301 296.755493 330.321136 325.082062 285.420807 350.469910 342.803162 294.055206 301.001038 361.359711 374.490417 374.218292 284.379395 327.923340 348.052399 297.092255 344.704193 324.985687 313.431580 
362.764648 355.356323 321.708466 326.600739 347.324036 348.187073 373.733704 361.561371 366.042328 351.498474 329.822601 326.881805 343.214417 329.261230 300.368317 317.225281 322.031433 316.741241 343.283081 346.006744 318.637268 292.882721 347.859528 373.072571 387.768585 307.859009 355.075287 334.030273 317.957703 403.496429 342.217804 307.652466 
282.788788 284.675323 261.394928 249.987106 273.346680 290.128052 279.198853 262.750610 286.482544 284.282135 238.470215 263.983521 280.047180 260.195618 236.953171 260.359344 261.997375 238.065094 269.135315 306.568634 233.606110 226.096481 290.225647 280.213776 295.911377 234.231735 266.736786 264.299683 256.889862 295.464020 271.715973 218.289993 
338.617920 325.435333 326.013031 298.136108 305.489838 329.127167 338.778381 336.276367 359.562408 355.400085 327.716217 325.751556 319.449219 330.731995 288.315674 308.805634 322.230927 283.994476 317.633820 330.204102 299.911713 276.496826 324.777893 343.830536 382.191498 269.621765 349.860504 350.941620 295.678925 366.407654 324.911072 323.379517 
295.759094 303.790283 267.391785 276.391479 270.372162 286.907043 308.810272 281.133759 314.548950 300.542297 288.977478 292.837616 291.053223 280.727631 250.844254 280.784149 287.016205 231.128250 267.098480 268.694672 268.551849 232.286087 299.693939 309.096252 331.601349 231.035919 302.844940 280.101685 266.706909 326.857483 290.833679 294.049225 
324.632996 362.055176 353.267914 292.981689 291.995972 342.102509 331.687469 337.375549 379.329529 341.441254 319.821899 330.464691 330.606873 313.642029 298.910645 354.017456 314.809448 295.114044 334.782196 352.396820 304.239349 298.881012 368.766388 322.961578 349.972717 268.410034 348.864899 334.290314 321.808746 372.486328 332.575439 323.448608 
297.808563 309.250183 277.877777 260.177307 267.000946 290.195984 303.761841 310.717224 297.553131 282.071381 258.555054 261.342560 266.332520 279.107635 266.051605 258.791412 282.217621 214.809937 286.928955 291.731079 272.082275 239.822968 300.133270 300.744141 284.738739 245.235519 289.367950 286.494263 240.950760 317.977386 273.293732 262.925385 
274.873962 311.996674 286.154877 240.875671 281.861816 300.017029 317.820129 304.767609 316.860077 296.035217 298.599182 296.188843 292.563751 270.603210 277.483765 265.761536 279.721130 266.605988 284.570129 316.066589 267.695862 249.379227 305.797089 291.993683 297.911682 251.336212 280.632446 303.328491 257.908478 318.852264 290.198853 240.782394 
347.569000 385.975830 318.030548 303.763092 343.473877 352.003143 380.857391 361.876953 383.416901 378.488190 355.566528 365.080566 380.601868 346.308990 317.058502 326.667480 321.358337 319.369934 369.247955 356.907043 318.346008 324.975708 374.558929 365.390442 409.661652 304.432098 367.615540 363.862091 314.849609 385.195251 348.131012 298.248810 
272.038879 329.300140 293.765076 292.197205 278.371704 319.126984 314.360016 293.541382 334.833374 315.960724 262.915436 289.736267 289.525604 289.454376 271.171722 262.747742 290.817749 261.448944 310.437531 295.585938 264.379669 263.548492 301.222107 327.944580 310.609985 262.717316 297.780609 280.138916 243.664780 300.183929 299.876587 274.980560 
252.928024 279.193939 285.028076 265.827087 239.866241 262.334656 293.372650 277.130127 303.741119 297.104370 261.972839 263.735809 279.806091 283.559082 233.014755 272.637207 252.424469 220.835892 292.437469 273.716675 242.301605 243.090668 281.919281 276.512756 298.215118 238.474319 270.396545 286.272797 271.915863 294.908844 252.731552 229.225021 
295.430450 324.231293 320.667847 302.865906 310.812927 305.414093 324.462341 332.664307 350.551727 317.035095 304.864532 303.315155 330.335632 291.302002 318.833466 284.833832 315.833466 297.478271 309.295013 315.875763 335.929596 268.885803 342.344666 307.470245 336.522095 275.397217 336.176605 300.900665 296.730347 343.906189 304.574677 293.826843 
343.036255 347.151245 304.740570 281.746155 300.540466 326.238159 342.578949 347.374390 354.616699 324.189148 305.279053 294.335480 309.030273 308.444397 271.576965 309.766479 329.115021 277.372986 303.063538 335.243164 292.279236 278.614532 336.083313 334.933197 320.915009 261.575653 324.567047 324.481171 272.584473 355.675842 295.617218 280.667114 
312.189606 315.226990 340.709045 295.833252 314.075500 301.199768 343.505096 333.448639 335.612091 355.536163 315.388123 319.882172 317.801727 305.799744 296.368439 301.510315 295.060547 290.731445 317.803802 329.889893 302.053711 290.963318 355.005280 335.125793 376.391876 253.604721 354.943787 333.724213 310.832428 362.213165 321.840240 309.406036 
340.072571 349.365814 333.946655 305.433746 338.787964 324.721832 358.433472 339.795502 370.650421 355.035461 327.307281 343.522949 350.546692 356.144104 308.459625 331.369904 332.572266 289.249390 352.565582 327.321106 313.501495 276.834015 353.956329 343.703217 384.799561 264.947357 356.608429 335.021667 304.685425 387.560181 343.474091 312.088501 
324.153229 367.302094 364.131348 317.687378 305.634766 352.892059 364.962036 310.222412 333.099243 349.769043 314.765167 318.203857 330.716187 304.449829 312.335815 308.955566 313.722900 269.872742 345.343597 332.150848 314.669647 307.882111 351.034454 360.059235 332.393005 289.810059 347.847900 333.664886 319.011383 334.621765 309.807281 299.669525 
268.960663 312.629639 288.325653 253.473419 281.991150 294.214539 295.450500 288.257111 303.756378 310.553864 290.377380 294.646973 275.630127 257.508118 269.450104 281.126740 283.449005 245.764374 284.396118 290.464630 263.962952 249.224457 293.364319 310.103149 314.510040 225.306473 302.562195 277.318787 261.937561 280.810608 265.191071 261.206177 
247.657608 310.385284 300.093872 265.309631 271.543365 317.874969 311.164612 294.399536 344.164612 323.143951 272.634491 300.823517 303.791626 264.875336 278.885803 292.355377 326.110535 241.489166 303.411865 304.078430 291.568359 260.627106 309.108948 291.214783 322.009369 259.163635 325.308655 300.218781 275.154541 279.836243 275.891693 245.143906 
261.726318 264.447021 254.338257 243.875137 269.423126 272.539703 276.823608 288.432495 300.667999 294.536621 248.907104 294.011536 277.472412 263.802856 247.395828 258.043610 248.871201 272.653320 267.591827 289.521118 256.808197 240.224548 258.912689 297.628723 298.201233 260.796448 278.719391 285.297424 254.309723 297.604492 242.371246 249.225082 
323.661041 352.157532 305.823303 310.670013 323.632263 327.291138 347.684937 314.671021 332.302704 314.040009 313.811859 305.992126 319.678650 284.047852 300.324738 321.820740 300.190796 276.218719 331.419464 312.274353 292.652802 277.405762 334.252472 336.993042 342.158997 276.850037 347.598450 289.316284 290.493286 331.556519 292.140808 281.045074 
324.858521 355.873383 324.752106 324.029602 321.314606 336.587585 349.465881 334.406799 348.509491 331.626801 308.599701 318.362640 338.156158 321.560333 312.753113 315.187592 323.551453 292.555908 326.758331 348.823090 319.825775 281.663055 355.955475 338.554657 335.359924 291.716919 308.680725 317.391541 310.571320 380.531799 338.845337 303.399414 
298.427002 308.115540 284.134827 253.339844 287.508179 317.382629 314.975769 299.175537 333.017151 295.564301 276.379272 303.916168 284.622009 282.552368 263.115082 267.568573 311.679199 245.946106 283.552002 294.594666 299.323486 246.018707 287.209930 318.364136 322.570068 261.882385 328.001617 308.576752 248.837051 294.335907 276.838043 273.007050 
333.662781 350.312958 301.890289 294.232544 313.471161 336.486816 325.929535 347.846954 354.735901 310.192841 304.946594 318.752106 309.706726 313.713623 277.099365 311.742615 320.536652 271.080383 328.213379 309.627441 328.238251 259.446930 305.705475 326.868225 334.472015 260.986603 363.895477 302.761383 271.487213 338.399017 305.788666 320.733612 
267.506775 271.055878 270.706177 260.901489 247.746231 254.742691 283.150024 280.583862 297.298096 285.557861 268.561523 250.534256 273.879456 271.418427 252.048981 284.465729 242.621063 243.523651 270.798981 291.408142 247.020706 224.263718 294.254395 257.363556 303.303833 256.295837 288.832336 278.109375 249.202057 317.552246 249.644760 255.965027 
259.295502 295.123566 280.251373 269.662506 243.478210 281.808380 302.356964 284.974487 306.865601 329.777191 271.616211 290.153534 300.873505 284.437592 271.318237 261.807739 294.324982 245.938538 298.787750 279.808472 248.395782 252.275879 296.500641 289.903595 285.633759 255.090958 276.407013 283.510223 246.478455 293.180939 278.458344 240.259735 
268.508331 294.781433 249.383133 253.072037 251.516586 278.825897 284.441437 273.508392 286.645355 276.357330 258.434875 265.481537 287.248840 256.309479 231.821945 260.224792 265.013947 210.493942 271.087677 309.223602 233.181183 218.113525 285.371704 275.744934 289.550781 243.607498 255.901596 252.909332 232.835968 280.354187 267.323669 235.209808 
309.985046 320.098663 297.981537 297.435303 269.285889 294.253448 302.981598 317.836914 343.638763 338.760956 283.397400 311.072052 324.990234 292.652557 247.376343 301.056335 280.733154 282.040192 306.476562 307.632660 269.318359 273.147797 315.953369 304.185364 328.848969 291.363068 311.675415 295.042419 299.549438 332.131805 290.332947 289.135864 
274.107178 314.547363 283.694824 261.161774 296.745758 280.174805 296.597992 283.909729 321.056335 279.882843 274.991943 273.147491 265.451294 250.669785 281.189789 284.967316 260.108215 265.409882 297.841797 299.561737 270.750610 259.600250 297.173645 287.602020 319.775635 244.961960 315.279083 272.161652 264.787964 310.475067 297.064484 262.280701 
315.192871 386.171112 326.715942 286.458618 323.970825 339.013367 351.654205 335.824341 352.069061 369.030518 330.364594 329.612885 346.166138 323.413483 291.372437 327.199371 297.020172 307.636108 340.023651 335.154755 285.199860 309.356598 358.938538 323.114410 353.333771 285.519653 319.731384 321.335175 320.401764 374.452301 331.526611 309.976166 
310.905487 310.980743 278.459656 253.608688 247.043777 293.221100 304.275818 293.693512 327.033234 296.631683 258.520386 288.464752 269.631653 288.004120 250.762054 280.166565 300.813995 224.739563 269.316620 279.083435 273.512695 250.231644 285.743378 315.191711 302.126984 249.604950 269.978516 290.175568 267.079956 300.324005 275.265717 262.532684 
307.444000 337.327484 330.409058 294.256958 297.620789 318.081909 301.311340 325.226410 347.560364 334.142639 311.352722 317.305298 303.172089 286.831329 293.311188 342.478088 321.681427 277.341675 309.283630 321.078766 317.558441 284.486328 343.967133 318.928345 345.805115 264.664398 327.739624 327.387543 305.133636 323.389313 306.930237 290.096741 
323.031616 338.127319 320.076385 276.533875 277.917419 312.498444 357.380432 315.699219 345.855804 336.284058 290.159576 307.578461 299.145386 304.501984 301.406891 328.727173 300.847321 268.130920 311.950378 316.414917 271.180664 277.953247 339.716522 341.640259 343.439087 265.986847 337.014862 313.634674 298.163452 361.527710 316.532227 293.105408 
332.070251 340.441437 338.833221 326.530243 273.688080 326.504608 352.924225 343.991150 396.398102 361.789703 298.874725 333.034698 330.886536 314.390472 293.356903 336.879639 360.201630 304.064911 322.878265 345.674255 313.759521 305.148285 361.700775 360.306976 346.760101 287.355469 334.441406 320.902130 316.240448 368.839417 362.853577 319.570496 
303.359772 322.423218 309.272980 280.933167 286.190338 321.752808 313.373566 306.452087 323.724701 346.359650 291.601288 303.212311 317.373810 267.418701 255.931915 293.191925 306.424805 268.291046 291.698212 317.286102 290.513306 261.804260 332.682312 323.442444 339.446381 264.845520 326.865814 307.163483 297.138000 333.409027 294.342896 306.522766 
354.143616 344.843811 320.022705 299.869690 311.794586 321.973175 333.932434 353.315277 390.158783 344.407410 302.685455 326.985870 307.688080 332.064880 295.169373 315.572906 316.999573 279.945679 316.765564 345.634216 285.713348 291.315826 337.519012 346.299286 370.636505 280.418701 323.549683 330.862366 316.574493 377.172882 345.403168 290.775177 
330.938202 378.322601 337.705231 301.279358 313.914581 331.115021 353.812012 344.725494 375.693909 389.755554 338.235016 341.631470 342.543457 319.851471 297.710083 333.025299 324.224152 295.181152 330.546204 335.083008 313.768066 320.877045 365.274414 341.600647 365.120544 267.897797 363.348785 340.826294 348.292572 389.500610 353.359680 314.764130 
331.876221 326.200775 322.329163 309.635223 312.451843 303.123901 344.057312 358.999481 342.582764 350.890900 324.755493 328.729736 326.981598 311.984100 304.506256 318.726501 324.769501 294.660370 320.598907 342.118774 308.616669 283.156555 339.377106 337.720642 362.037750 275.522797 349.832001 316.374390 281.746979 368.234131 328.844696 317.888153 
256.929657 257.858612 248.900558 232.701950 239.998062 233.889023 267.789368 283.924774 295.712219 262.772522 242.097305 246.866089 266.222107 252.001740 241.790695 267.020264 252.052170 225.227051 260.970673 275.579956 259.881409 238.644745 283.935364 247.877426 298.639648 191.425140 268.234039 269.341858 239.479874 301.750793 259.983124 228.472458 
287.772980 293.455688 270.017853 231.698593 226.329193 289.857635 288.785126 289.954132 332.251312 285.370728 229.760239 264.264252 234.249252 273.869720 257.927551 296.931396 269.910248 248.831802 286.408783 275.109436 247.840439 255.775757 300.331604 302.111450 313.372314 243.575211 267.184937 262.160614 259.213959 301.186279 284.939819 245.007462 
297.015381 350.521515 326.062683 273.206665 296.396454 337.873077 330.689026 321.572021 325.137970 340.443939 274.875946 304.161957 314.220795 308.856049 274.006622 310.549713 308.634796 255.238495 337.117096 325.909241 271.059387 258.752777 331.410217 332.599579 337.167145 259.400421 320.076355 300.365631 299.168701 326.494232 320.263855 280.208710 
298.613403 332.681335 339.663818 279.822174 290.626984 301.119080 310.550720 322.694977 343.307709 337.944702 301.127167 301.168762 313.513916 285.580444 274.137238 299.571106 319.660248 257.066498 302.939240 308.751373 299.006470 269.288666 348.017609 310.127716 347.050323 243.516052 337.089264 308.551300 293.835083 318.745300 297.450073 295.824463 
299.628693 352.872070 297.612274 291.865051 273.842743 313.560394 332.757782 308.581177 333.492004 307.266449 307.304016 277.348969 307.056305 277.188141 258.986572 295.651550 301.166016 218.352310 293.320068 305.396362 281.651031 252.198929 321.545380 321.846008 321.076538 265.890472 311.276245 280.279175 286.178406 308.506378 277.793701 271.718567 
291.289825 287.977814 266.792511 259.853027 247.879562 283.186829 286.053406 254.304245 310.806885 300.204773 267.834137 282.374298 252.483276 272.123901 250.745804 263.736084 297.233063 232.265808 269.717560 279.235443 257.925415 243.658112 278.785278 301.683685 288.928436 259.931976 288.795349 287.341522 241.779892 287.062012 267.276428 272.442566 
281.748871 321.411774 306.584656 291.928375 295.945007 319.230438 329.091766 301.598328 321.900665 320.053955 303.977753 310.892944 301.032593 302.856873 302.285950 287.399994 289.703278 283.669830 318.165680 309.643616 279.433136 269.717834 311.583191 335.704651 330.626770 267.474487 309.991669 295.318817 288.509949 317.583649 299.636993 254.981415 
280.818207 343.661316 247.856552 253.641235 277.437714 285.941803 310.729828 271.076141 310.087769 296.084808 280.603943 285.497314 290.771698 284.720367 252.303299 256.916046 285.716888 252.699646 279.402008 271.331970 248.250122 223.619995 303.161377 297.793213 314.104187 228.582809 279.309784 263.475067 241.311554 295.011841 302.484985 262.185333 
317.359039 347.918579 310.730804 280.312714 301.665649 343.504547 336.020142 330.009277 372.702026 349.823517 309.805115 322.105133 310.843872 310.609711 284.035065 334.614014 329.888306 281.953125 317.539398 324.611237 281.380096 297.981354 338.294678 329.992310 345.243561 276.932159 340.729034 311.829407 287.187836 354.690857 307.374298 299.360046 
332.309326 341.813202 306.694855 308.244995 314.485077 315.920532 337.716125 324.171906 345.041382 357.224060 330.840576 314.325439 327.058258 292.548706 299.749023 282.608429 322.034546 280.666168 310.422729 303.742554 305.565002 281.445892 345.559296 328.028198 374.146729 268.496521 352.110779 297.325165 291.458435 357.785492 340.526947 288.850159 
286.817444 304.642273 298.226379 278.132050 287.644989 309.451538 325.247040 294.843933 295.759308 327.469482 309.494659 298.478516 283.464294 285.315613 283.976105 289.312592 279.282562 275.877380 298.168121 309.280029 267.115723 265.833466 314.595123 304.503845 337.460114 283.630432 310.692810 282.998230 272.641418 315.015289 280.753815 254.984375 
288.800385 300.198303 316.948486 295.270935 277.220398 290.231079 286.914642 303.910583 320.564270 331.861755 274.882233 311.437164 311.097717 295.197479 247.310318 306.117737 290.684021 286.028137 304.011505 299.540466 273.409088 258.220184 321.361450 307.024811 311.265991 254.455460 316.189270 294.386047 296.666321 323.932495 281.299927 268.928986 
330.533813 305.220581 305.986694 262.360199 280.756897 294.422028 327.266144 302.795013 327.666382 338.150299 295.219574 308.844757 294.832184 324.412842 286.694275 298.938843 289.815735 298.129059 282.556213 300.657654 260.089417 250.161438 343.560760 340.174652 349.113953 244.537979 308.295410 313.911865 282.251038 366.271423 297.322174 297.880737 
317.195618 312.513275 310.803528 284.662292 271.324310 305.133118 294.533752 314.087494 349.111450 314.106537 290.948120 302.581329 288.007996 285.393402 277.212311 277.289093 314.459778 274.763733 310.686951 303.777130 310.765533 263.694427 317.205353 320.503235 316.455231 231.790054 322.370972 304.265900 240.986572 304.257751 297.419983 283.548737 
344.333160 317.105530 268.147614 259.237335 298.442169 268.518066 320.905243 341.367249 374.862213 306.059448 308.326233 290.207733 301.609741 301.882050 287.600006 288.629242 278.732910 301.958710 304.241486 315.172913 286.457642 285.507996 331.250732 323.956421 340.291534 237.796768 314.612305 318.975891 280.681671 384.076660 306.736847 277.266663 
293.117889 287.153381 269.294983 232.367676 274.420013 260.807556 303.961304 310.126007 287.699097 293.588379 281.155334 282.152985 305.546722 277.821625 238.591415 263.957642 257.732513 254.678940 279.436554 280.504791 272.511871 236.631027 298.655975 303.007751 312.334229 210.485596 303.284943 268.144928 268.704102 340.062225 274.803741 250.329681 
325.866882 362.099030 319.111816 306.652466 325.898438 333.677856 368.585815 312.043121 387.942932 362.083710 321.234802 331.750275 308.336792 342.763916 340.395477 332.869965 348.517242 320.522949 345.032074 337.455475 305.426483 290.618317 347.810028 385.332367 371.296600 290.213531 343.941010 332.793671 321.430542 373.839630 344.942444 289.765442 
285.938965 325.627136 316.650513 279.420288 297.437378 328.442047 315.155426 289.932678 314.452179 323.631531 266.195160 289.483582 289.200500 287.449463 261.422150 274.569092 279.872528 267.257965 312.747009 303.899139 263.197418 268.421722 302.182953 330.427338 330.676544 257.259644 319.261414 286.540741 271.232971 300.911835 290.836426 286.679474 
