306.598328 361.389587 293.049377 296.091400 297.893646 313.693817 326.930328 305.649536 345.023804 322.482971 289.284027 308.303284 318.534546 288.492065 251.307068 312.364471 298.661774 254.216415 301.532837 293.954895 291.611847 272.565948 336.462158 311.563599 346.775513 270.329926 320.555420 290.891205 316.015869 331.653290 324.657196 285.006989 
350.997345 368.397308 311.220093 311.582550 310.210999 319.151764 355.194489 339.133850 389.081238 372.944000 313.550354 342.085388 335.418335 338.241852 288.216949 292.354187 351.265839 292.944855 344.626984 316.066803 310.831787 315.325714 338.471130 373.831207 354.723816 285.834167 350.284698 308.725922 325.376434 370.035065 358.839447 306.888275 
292.095337 322.646637 349.594666 318.548340 308.829132 326.623169 337.622101 322.783875 351.051331 341.270081 279.949738 314.931274 328.882355 291.106201 282.396484 291.053558 321.889404 262.433990 331.908417 306.589874 294.167847 279.829010 339.203522 325.804932 339.889465 283.484070 338.176208 316.584534 304.593750 344.612091 319.120514 279.784607 
256.377808 268.993866 254.874100 212.723877 248.907623 251.333237 271.921539 282.459991 316.823792 295.391022 275.987885 279.398010 263.837341 270.256958 244.237610 251.387802 266.712891 265.053314 280.405670 264.254059 235.282959 240.836380 274.449371 289.761139 279.784515 194.562881 291.708435 282.449585 237.342590 330.537476 269.407837 258.119720 
301.776245 298.939850 279.227570 245.852692 273.309570 279.058472 299.821014 325.848907 346.587433 311.996460 291.709320 283.587769 274.891632 303.758759 280.765656 281.844116 292.367035 253.017181 298.714111 307.664429 303.081665 280.479126 302.432037 307.876648 328.083344 250.545013 307.781860 301.506042 278.226318 340.564178 287.443726 276.425903 
257.836334 289.475250 293.808075 257.332153 236.052322 305.363434 294.419403 297.654602 355.646118 287.192657 260.533783 283.576385 282.271423 260.058105 267.638763 280.380432 312.840363 259.087555 287.187927 294.350311 287.610352 260.602203 307.079315 295.976318 279.116821 240.193802 298.650574 295.881439 247.480484 298.968353 273.991730 253.812042 
336.225006 383.841156 370.304230 326.458252 342.018158 373.435089 389.561768 352.735565 395.442627 384.794800 339.690308 337.984833 337.124695 343.673615 345.343445 367.518677 346.478302 300.225433 377.488251 359.240601 309.743408 304.700226 369.482208 367.967194 391.497009 300.433228 374.434265 370.607513 324.528259 383.732269 357.881744 305.955963 
270.496094 293.899231 286.677551 253.757935 252.805435 296.654572 299.143768 277.137970 309.985107 306.367523 270.651947 273.783325 257.491577 277.562988 284.761444 280.343842 274.320526 242.809097 305.142059 292.214874 257.041412 257.770081 311.769623 289.643951 292.693848 230.333252 278.488861 282.950775 261.479156 297.808441 267.792053 224.123672 
297.323730 286.201721 276.081909 273.005676 275.569916 257.766846 304.206085 296.600281 293.976166 315.412720 300.500275 281.733978 267.894165 276.656219 265.854553 255.805176 276.491608 250.134216 271.524536 295.872803 268.203918 252.703583 307.991730 311.743378 328.846252 243.383133 317.875031 290.996735 259.033966 312.732117 282.969177 265.647034 
295.626648 291.119354 297.282562 278.585754 280.391998 280.803284 323.940155 298.679749 289.311371 301.267456 279.109253 264.331360 270.258698 262.671509 288.614349 279.784515 287.387421 239.523926 305.092712 299.920502 260.474243 230.710007 320.196655 316.698334 322.394684 253.349457 305.108917 267.712799 270.785461 330.933868 288.478180 260.607758 
331.508270 333.962494 338.396210 286.309448 306.688232 309.138031 379.707520 341.103546 378.429382 389.158356 337.437683 340.306122 344.388062 333.674469 325.425140 332.378845 341.530457 308.771454 357.308899 341.311066 293.032013 289.641022 369.499298 355.133331 374.987000 267.227875 355.706879 340.506836 298.032471 388.763794 318.535645 300.754547 
335.309814 377.687103 323.145355 318.551849 308.970520 341.724365 342.607574 367.339569 386.268097 366.462494 326.368561 332.194305 357.738556 310.154175 296.307343 321.249329 360.502808 292.136658 328.357391 324.039886 344.915894 296.229950 381.320435 321.411987 368.362457 303.067627 338.341309 294.617798 316.871765 356.174957 334.844177 316.148773 
338.572327 305.921478 346.251160 307.168274 312.201904 314.364258 346.050842 357.229584 347.910950 367.178192 309.892517 337.221680 328.754150 334.242218 279.962433 296.838348 315.869202 282.862183 327.215820 340.174927 283.746796 260.994354 337.934204 348.601196 381.026978 284.532043 341.600281 353.630341 296.899658 364.045929 320.348602 290.614044 
294.241180 322.575653 307.519806 299.927734 289.611908 305.828064 312.711182 283.599152 323.842163 289.327332 274.436310 284.626801 290.605072 283.802429 261.220520 281.198517 295.931885 237.360001 287.784210 282.962891 299.234375 252.261017 299.501068 304.431091 311.966461 255.617889 302.026459 284.780792 280.855835 289.396179 279.460297 262.261902 
255.704178 276.795898 256.741974 226.493713 252.789444 264.000549 279.872894 262.200897 296.177887 260.304596 262.484344 278.318878 268.749878 219.761902 247.215118 264.919708 282.579681 243.421494 258.769318 246.574295 264.189484 214.059082 279.940002 264.514587 282.068878 214.377762 278.079498 238.117325 249.271118 286.603241 263.437897 236.470352 
359.355743 389.505188 356.777374 300.280243 323.849915 365.300110 387.769562 359.201355 412.552460 376.908630 358.538940 373.310150 344.834869 339.981201 345.515503 368.600128 396.396362 319.108398 357.884216 370.830902 380.288574 324.427094 387.835815 389.802734 387.431366 301.089142 385.600372 361.645294 347.173279 378.823090 357.747894 350.562592 
312.505737 334.818207 283.845917 267.010101 265.483246 296.555542 334.514893 324.432678 350.360809 330.602448 326.322815 291.114716 294.115784 289.321472 274.917389 305.119232 313.789459 264.724854 296.864838 300.193726 289.524506 285.085754 331.910065 332.564575 312.682953 257.205078 324.676636 295.022827 286.697998 361.008759 299.909454 301.821899 
239.044006 297.553101 284.040558 261.897949 267.453766 296.412354 279.701233 273.662079 287.235138 320.725128 258.170502 277.087616 259.930450 234.787170 271.504913 260.411987 269.138885 238.856461 291.377899 294.272766 251.290482 247.471893 293.297424 289.503296 300.759247 250.631958 304.643372 261.179413 265.158081 266.783966 274.321594 217.754120 
264.409729 274.656952 241.483170 210.993958 269.364929 256.970337 266.832428 281.978821 288.969208 281.456573 272.078156 265.621613 242.056595 253.642059 275.015137 266.085510 245.661102 248.911484 259.973358 274.668365 257.829468 243.621979 265.763580 264.350067 310.486969 230.324951 285.591370 263.571045 236.115829 282.664551 233.482147 240.620316 
295.594208 303.580963 316.831299 316.616272 282.414368 299.803558 321.703064 290.554382 313.451385 297.502563 274.699615 269.677063 286.342163 290.884338 292.195160 285.567566 289.514526 234.807327 297.791260 304.024658 299.360840 253.351593 307.949829 296.310089 318.087799 264.095459 309.486298 283.802185 305.408264 336.319916 285.718262 264.390900 
319.056152 334.729218 315.660583 301.614166 297.225006 305.281952 345.628693 316.334473 378.370239 320.928101 287.495850 303.997864 299.382263 329.264038 313.084778 324.372559 336.532318 279.540253 321.433014 334.010040 303.654541 280.100647 342.463470 323.986755 342.830994 282.111877 320.620667 312.822083 289.131622 358.318359 329.434418 289.569824 
299.545349 297.355591 283.041016 246.623199 286.913605 286.937622 303.916656 278.593781 305.912201 279.151337 275.599060 279.926270 286.150269 295.069183 257.998444 267.402740 260.029388 251.096191 283.160156 295.430695 252.257065 244.388657 284.727234 293.453644 318.557861 220.053680 307.212677 299.106171 266.069397 351.293823 300.938690 290.361359 
341.422852 359.701904 313.747437 283.587555 328.000000 368.995453 347.073517 352.284973 369.055878 351.784607 332.454193 344.233063 325.658295 309.302155 309.309753 291.532074 344.304810 301.607452 331.459869 354.439819 314.352600 273.604492 337.696564 352.792908 352.586090 301.394928 354.614410 346.249207 264.192566 359.289062 316.294647 303.710022 
360.705261 372.080261 357.006775 322.820740 336.187408 365.600922 384.378326 375.518036 435.298553 369.838806 334.203094 349.802612 342.401459 381.186584 326.904816 360.561005 365.777283 307.280243 353.935883 351.807587 326.440430 308.205017 382.027588 365.740753 397.299957 320.320374 368.088867 373.684357 338.708832 421.876068 371.532349 337.005066 
320.675598 362.988068 343.880096 338.723572 335.365997 347.854980 358.862518 333.388794 368.027252 347.473175 323.578949 324.686646 342.840149 304.228271 322.859497 317.389526 352.485443 282.340942 352.996185 376.934082 340.834320 316.689087 336.245575 343.254578 345.916229 319.901062 377.934235 341.319611 312.015289 345.546356 328.312775 303.658020 
358.646820 359.186249 336.997955 319.918793 343.321533 336.685242 351.655182 373.652069 390.477417 360.275482 326.083801 347.552277 337.252930 340.705566 316.915833 330.191742 335.181976 307.844757 349.359283 344.187012 295.783264 297.874695 364.745361 354.011261 371.619202 258.999695 354.318329 363.117798 293.401337 388.488464 338.047455 297.573486 
310.562531 308.487885 294.643829 274.585602 285.553375 308.394379 282.650055 312.619354 319.103760 284.920166 270.968140 267.152130 260.262909 280.147827 272.963837 290.991333 250.739105 241.312775 278.246521 304.803436 262.034454 246.652557 290.342010 284.017975 301.449554 248.015717 294.894714 285.180664 260.797363 325.663879 272.981476 271.709167 
309.286346 320.515900 289.107910 295.475708 289.549225 299.241516 314.892212 313.296295 316.734314 325.560638 309.467102 295.656738 280.990265 303.248840 274.952820 277.036987 278.894073 278.712830 299.174622 291.782837 273.023773 279.725616 325.213043 318.790466 331.765808 291.313873 292.213806 281.051361 298.820374 324.364197 291.762421 252.637741 
363.812988 375.233002 339.554626 322.404419 336.326385 331.802399 372.528442 366.392456 373.275299 363.413666 341.227386 323.871185 330.196228 309.099640 323.261230 327.760956 331.542053 292.430450 328.279938 351.220764 344.499634 315.721954 370.326385 364.039093 391.217590 299.195221 356.550781 331.881104 311.457336 367.543243 330.750305 320.983154 
328.966339 314.474457 346.593109 322.163422 308.007599 324.121704 359.917206 344.931274 357.824738 365.155884 293.181030 322.196045 322.377808 310.806824 316.016083 301.564270 326.100494 316.711151 348.168335 316.628418 286.648651 288.397278 371.125946 384.945099 358.311249 264.412964 340.743744 336.951538 287.870941 377.173706 317.531250 294.997772 
350.385620 371.502747 364.915436 324.732819 324.106079 348.324921 354.001892 362.007324 396.455963 381.612885 353.023254 351.990356 350.726746 320.595520 312.823273 359.170654 347.148560 319.396027 331.219116 352.843689 339.989532 316.132996 389.505371 338.467438 368.546112 310.742737 371.126495 345.348816 347.435364 403.639771 335.861053 329.503510 
302.786133 349.763672 340.167725 316.271027 312.015564 335.915894 345.291626 312.739502 354.680756 327.165741 301.578094 309.845001 325.812988 289.885071 299.956329 310.992737 317.992706 255.590820 335.953552 290.827362 301.955414 263.490204 339.706940 337.789185 350.597778 269.738708 347.698669 308.580322 320.692169 337.155426 320.690491 288.974274 
301.893738 351.212982 314.543335 299.154480 331.113495 333.301788 343.385620 318.604919 356.100891 349.797119 314.657257 331.895111 303.821167 310.978424 311.967590 296.003357 319.618103 290.218903 315.545990 304.259979 317.274841 292.327057 320.823669 346.507385 357.466980 273.281677 350.451294 303.642120 322.367432 343.187927 324.123138 290.239899 
275.642029 322.966553 325.817627 276.824921 268.720581 292.632782 315.748138 308.519684 333.513428 307.007294 296.044617 283.632141 311.922699 264.790588 276.371429 318.341858 296.052856 236.169250 296.153351 313.328003 270.654327 239.748459 342.589111 295.096039 319.069885 210.939285 307.355682 288.986664 284.178345 330.928864 291.157806 291.837463 
317.172638 327.538849 318.868103 298.973114 288.060028 303.705963 336.013458 313.763214 356.143585 342.053497 301.085724 298.338959 320.462097 298.188538 296.359070 307.486511 304.287872 263.388916 321.683289 319.829742 293.873383 277.819580 327.340942 344.226196 346.736908 252.507431 325.148132 331.859467 306.055603 360.830780 312.646240 297.320007 
300.818756 329.774567 315.815826 283.136963 295.838715 311.914520 338.723480 314.041840 331.018677 321.313049 306.706757 290.301971 282.899017 280.235168 310.064667 284.903229 299.518036 257.355286 302.558716 302.455139 311.321411 269.478210 328.398560 314.784760 337.294586 266.839752 344.515320 299.302551 291.636841 331.896790 295.609833 287.096771 
367.813568 385.963745 337.677277 323.993988 325.010040 337.301361 380.047394 331.099609 374.624329 375.638214 344.932861 335.624786 324.172455 348.918823 324.958649 331.965454 331.496155 285.593811 350.044983 353.003296 303.440674 313.254517 359.399078 382.966034 389.662811 317.593781 358.270844 324.268738 336.288666 382.277557 361.943054 333.731995 
262.577576 281.219574 303.137299 258.529816 252.706070 274.840057 277.530762 287.510956 305.695648 298.792328 248.860672 291.083893 270.198486 265.158203 263.610931 275.409119 263.312531 245.446259 276.255371 262.224426 278.032135 243.444748 299.952606 276.288147 299.587158 225.129089 287.317993 268.226410 296.143799 298.316101 278.176666 234.169373 
302.471680 316.043182 306.228485 278.683441 286.731781 306.556885 321.915558 295.355530 286.236053 334.213287 280.916168 307.009369 295.010956 277.150787 298.448212 280.518860 294.631561 279.869232 314.224670 309.247345 283.904846 266.577423 328.386169 326.185577 305.807404 249.757416 303.643585 278.367340 272.790527 324.825226 300.109894 258.617706 
272.289734 289.641571 267.976105 291.385010 282.936615 265.026581 288.904297 272.425659 280.536316 301.970093 268.624207 275.722931 306.906067 278.223877 228.193253 266.268219 255.125595 209.429474 288.666656 276.812744 233.140427 226.425598 285.527222 298.306274 326.880676 221.231201 280.178497 268.434387 259.397675 304.512634 281.224579 266.823608 
343.408844 358.993530 351.740448 332.823883 294.829163 341.942108 347.875549 355.777557 402.852142 373.930054 321.659027 344.275391 328.754761 339.463959 327.716553 358.295563 361.647919 300.404236 351.825500 374.511902 305.238739 319.092041 362.034302 353.876282 343.148071 284.400879 333.556030 351.393860 318.477509 378.993317 344.448334 307.231537 
310.777252 338.568481 331.504089 315.370880 308.099274 318.432068 354.212280 319.301544 340.723114 363.981812 321.158234 313.270294 324.338745 286.694000 335.635773 308.186676 337.337921 273.670563 345.867767 326.181976 297.869049 271.416595 366.468445 356.463806 368.277222 261.860718 338.024139 315.728546 292.228638 330.039551 302.857330 270.644043 
320.144714 343.816345 319.102814 303.281769 327.721039 329.455292 342.075256 317.394897 329.832336 333.873108 313.371124 311.407715 326.221252 282.607361 291.302765 309.570831 316.904144 278.985504 293.532562 323.207672 312.384949 273.381622 350.718872 324.973816 351.612091 282.341461 330.107880 335.122467 310.278625 342.488220 294.953888 274.005463 
323.136505 348.153717 347.476135 316.595428 297.972656 351.702148 353.854156 336.115173 385.178619 377.513062 327.498108 342.799225 309.395813 318.021790 302.888824 322.891174 333.607269 305.686951 342.857910 332.647766 291.096832 307.627411 354.500458 380.199127 365.032074 306.579468 364.559631 337.904633 303.071045 341.755463 332.455933 308.253571 
300.917023 306.143097 285.213654 279.230713 279.833313 294.358643 301.837769 295.408783 316.329346 326.786926 278.639618 310.854797 312.156738 280.964203 246.734085 307.143005 296.894958 250.544846 308.101990 300.657928 266.232941 260.616882 297.911804 301.974304 327.049408 251.662552 326.829834 280.418274 261.744049 294.849823 270.678345 275.975250 
344.936157 353.943939 313.834595 296.307281 307.129883 327.245544 350.646759 346.584778 357.117584 334.609375 313.341980 301.932983 305.603394 311.229034 297.612793 323.590118 319.996155 275.657227 326.238312 335.548309 294.075317 274.757965 336.061157 349.032623 356.873474 269.656555 340.683594 325.391602 271.473297 349.953644 312.412201 309.773224 
352.733704 327.822632 288.803162 306.459167 304.904694 301.987701 338.812500 339.622406 353.533813 319.613495 311.261505 313.624084 330.623932 316.236938 282.755035 298.025787 303.640442 287.637817 312.328979 329.127747 303.928680 285.600220 312.999725 337.856781 344.942078 292.620392 315.514008 325.882538 296.288574 350.248840 289.136749 267.936981 
321.635223 331.805511 303.193726 297.900970 286.507263 331.454742 343.927216 314.263672 341.194885 348.391937 297.486267 309.361176 319.648743 305.895935 296.225586 326.925201 320.323517 265.269836 325.570251 326.024261 304.592926 266.728119 342.088135 338.186798 366.055725 283.260162 331.283051 292.773132 285.066376 333.305481 296.434113 303.628357 
242.732239 293.569366 241.972504 230.300812 266.981262 281.477966 297.466095 269.062225 296.991669 271.350708 260.966248 273.371613 264.085388 269.097900 251.615646 265.373108 237.545746 253.343903 259.830566 261.541412 265.090149 242.570389 257.978699 284.693634 302.684906 254.723709 283.292664 259.634216 256.941223 283.387970 255.579758 232.882095 
344.384491 379.398254 330.733032 306.939484 333.536865 333.100159 368.458282 336.193604 395.012848 378.798218 352.841766 354.495361 340.665527 319.540161 327.226227 349.932556 370.853729 313.258148 340.416992 326.760590 331.462891 316.542267 370.632996 378.862305 382.572754 279.080383 359.060150 324.365936 328.101288 378.639435 343.207123 336.322815 
267.877167 292.447052 289.999054 300.305115 260.150360 295.901855 286.725403 279.960510 318.952179 297.088715 250.984421 280.082214 268.691254 258.622833 265.403870 251.756409 282.160217 258.006897 302.262329 274.856110 275.864014 256.147888 281.222351 278.025574 287.621490 271.655334 292.971161 262.122864 265.843292 281.878937 294.109467 238.717789 
331.541718 312.041046 319.062408 282.140228 273.510681 273.631836 321.436554 335.457794 342.915161 332.650391 303.304840 306.194397 291.455658 280.584351 296.354431 309.050110 325.064087 271.036102 300.626221 308.715363 302.791046 290.284424 344.625153 332.007233 337.142670 246.384583 299.237183 322.783844 271.296082 328.014954 296.308167 288.489746 
304.322998 314.363190 281.379028 264.678772 297.117218 304.520294 312.167603 339.061066 344.981384 328.266968 300.319489 316.144226 289.259216 289.891418 277.913116 297.438660 282.947601 282.228638 307.465240 317.046387 274.652283 273.716125 316.935089 331.804230 350.990784 272.773529 296.848297 322.355927 278.383148 329.994965 299.623016 250.087036 
294.881744 282.187012 256.237640 260.746918 256.652618 264.783600 310.895508 284.454590 292.021332 283.531464 272.365509 282.917786 283.170258 260.281342 241.873825 262.341858 265.253418 221.755707 279.415039 264.069702 255.747299 237.539032 284.315033 302.627563 313.426727 243.191177 278.621765 253.724411 262.341217 300.100861 267.265747 237.073120 
370.192749 369.710083 387.684174 344.586517 333.702728 379.449249 388.195099 389.276917 411.421661 381.364471 324.513947 351.391479 335.760193 334.541565 340.870880 333.165863 375.567047 322.982788 357.752075 369.390900 346.856903 308.409454 383.816589 399.728485 370.766052 326.278168 378.108032 366.704132 311.285645 408.837982 358.279205 349.854248 
320.062317 337.938538 339.180634 318.039368 303.114868 323.949158 335.846344 342.477539 343.898438 355.425171 330.063354 325.643524 310.659546 299.059448 304.957123 298.802307 310.395630 268.182098 336.745850 320.580780 311.833038 288.115753 347.906006 379.404510 379.164795 288.923767 345.530365 313.513428 310.372040 338.544739 317.715088 317.665192 
293.029297 327.108551 312.439545 289.154053 288.108490 290.254150 320.682190 329.655396 346.497955 347.729828 310.069458 291.185486 315.670105 278.221649 284.106628 300.564331 297.428589 290.786591 310.030304 326.429169 278.173737 273.918579 354.341675 314.789368 340.280457 275.340637 337.688507 301.570618 308.413879 344.528168 286.738373 262.308411 
306.398621 277.804199 276.917725 266.018494 237.733749 274.654907 271.661285 330.934235 330.723969 272.801239 244.002747 269.038330 271.224060 254.227982 236.040100 261.734558 291.800720 219.261856 255.108170 279.326355 272.522736 239.535095 300.067993 276.668335 285.329437 204.285980 278.018982 281.582245 237.899384 320.828857 284.758453 261.377472 
243.617172 237.150223 258.115417 249.444244 226.104691 226.787018 250.733597 240.334946 274.041382 250.828003 212.374420 232.045151 240.135590 232.555084 232.332993 232.860275 240.440735 210.180496 242.637115 236.911484 231.141937 191.581177 257.708954 235.218872 255.778122 200.803528 251.394989 242.381149 232.636978 272.354919 245.752747 211.074814 
286.322845 293.860748 297.907440 282.599518 302.173157 274.024780 310.250946 300.408478 324.217407 335.903503 278.645020 296.553925 299.188507 293.794403 266.368988 265.471283 280.879700 267.978607 310.857300 273.497040 251.369141 249.148361 313.944153 318.253998 344.398407 230.215988 308.630402 313.795715 275.618591 344.785339 301.095764 261.968536 
334.014008 345.561157 326.933136 299.488831 299.360626 313.446503 348.704926 359.551758 361.892944 353.909790 304.499481 330.515289 326.341248 349.493439 296.294708 330.239532 319.712128 268.686066 337.079498 334.893951 291.919525 297.425720 340.435883 347.454254 358.281219 255.236374 311.843445 344.925842 296.460571 365.434082 332.657074 294.789307 
277.243530 287.940033 287.733887 273.378754 254.867203 278.152832 319.918854 281.908417 325.269928 325.231323 291.774353 314.574249 290.805939 291.857117 259.198700 274.094818 305.808838 265.882446 288.544220 286.125885 286.718964 263.758545 294.376190 322.293274 324.514954 248.392487 284.034424 303.655487 278.473297 305.532745 291.683624 259.932159 
261.510193 306.850586 248.522736 248.417587 282.743469 279.109924 269.667084 260.454346 278.415344 302.206848 269.962463 259.045898 274.831818 240.241241 227.895721 252.958450 272.239960 235.389145 272.276764 259.458557 249.288849 252.803650 273.155762 254.918930 302.058990 237.952942 311.378540 233.358780 256.693207 280.933075 252.895706 232.583038 
301.899353 337.448975 313.980774 269.080872 282.887817 300.831451 315.711182 289.861053 332.099854 315.359497 281.311584 286.912567 305.762909 284.003662 283.244812 283.927216 292.745239 256.033386 299.705963 281.953156 279.330322 253.718903 323.061157 287.744293 313.305756 233.725037 323.305450 277.918640 294.641357 338.838226 297.385345 285.452026 
