310.703766 273.772461 235.721786 309.325287 315.221497 330.469055 319.948425 301.360962 291.641663 292.984070 288.503143 258.431732 283.432251 238.070221 296.073517 286.069122 274.220520 273.381897 267.823181 322.359833 304.548889 307.237793 280.571472 307.142578 303.648773 310.705475 279.098145 322.428162 308.351837 246.569595 304.867310 286.321991 
333.983795 293.882568 271.969910 341.025604 363.806732 358.488281 316.322723 305.526886 288.952942 291.796906 279.747437 292.086334 311.964569 264.657043 326.540405 343.872406 308.775543 317.046936 272.464417 370.898560 341.416931 295.277527 334.852478 327.139252 321.004486 339.235229 345.078400 337.053894 320.232819 280.602081 340.489349 320.749298 
289.503967 271.970886 226.435516 332.752686 292.818787 316.656525 307.095917 280.942627 256.719574 241.283768 287.750854 270.503693 265.691681 256.408783 294.906372 293.412567 294.129211 293.573517 257.638733 298.878082 306.792786 270.325714 278.371552 291.764923 265.219574 315.899170 308.760071 309.564606 296.368622 253.433365 307.022156 288.005707 
272.536316 254.998306 249.800522 299.799011 307.874847 282.547180 285.212189 266.233673 259.969604 236.225693 260.544037 235.907349 234.322708 235.723740 258.124756 253.273529 290.766022 301.587067 230.680023 268.390350 272.180786 258.890320 258.776184 251.326950 246.450729 283.954773 296.895721 285.408051 256.347107 227.869003 275.821259 280.192993 
356.192688 279.508911 293.622803 337.575928 356.288177 355.481934 315.338989 312.341064 269.004700 282.855042 294.999451 254.068756 313.417297 278.982208 293.180695 288.976105 285.485840 324.468536 269.284882 320.753937 314.454895 306.383484 284.005768 334.421661 299.741638 326.910492 335.958923 349.507812 299.274994 274.153046 328.924225 323.945679 
306.909668 286.424408 249.564819 353.213440 353.740753 347.123199 320.435638 308.145447 282.280884 293.770447 324.037323 265.013245 306.640656 277.533600 286.689117 298.054260 303.917877 309.947235 264.327240 343.461517 333.635315 318.863922 290.543793 301.727997 277.405853 311.787781 346.936920 344.499298 314.108856 261.827332 286.669861 319.816223 
297.741333 324.889557 265.376312 340.874939 303.360046 374.426758 338.586243 299.678162 299.005524 310.363098 280.387177 296.238190 290.608582 259.377136 295.413452 310.844269 306.978790 295.934784 274.213806 332.796722 317.776093 279.494263 273.078735 348.605713 315.213135 342.840088 347.022736 321.129944 346.254333 281.830292 336.373199 302.359222 
297.821350 268.674744 234.937012 326.013855 334.071136 288.406616 300.243134 300.141449 265.777008 271.639557 285.149963 243.618088 264.458801 237.899780 286.151215 281.578186 264.307404 274.554688 235.421112 328.361511 272.534302 295.197876 271.638702 293.734467 273.561279 314.322449 325.745819 320.014282 312.437317 253.983307 300.665619 274.087189 
293.342407 230.576614 211.421432 285.175995 276.125732 307.010223 281.965698 226.576996 221.473282 225.414185 243.012115 221.193329 219.278122 229.052689 277.254181 232.938171 232.685150 244.207230 239.211670 268.498962 261.564362 247.305115 225.898300 250.062057 233.821075 255.045319 261.096741 271.599030 267.661285 191.769531 243.580994 251.348083 
341.449707 287.343781 277.565277 356.995331 350.750275 359.910980 336.565460 295.215515 297.563995 317.527466 326.678619 295.267151 274.148224 276.435913 314.634155 314.238831 317.681885 350.211639 292.951263 350.539612 326.534180 315.309692 327.799408 326.124359 304.942139 333.385010 348.084198 358.587860 343.829224 273.827271 350.949127 353.458527 
369.317993 336.626251 287.252655 364.160553 352.329437 368.775330 347.208740 344.459686 323.568207 336.889313 308.091156 291.455200 332.400482 291.786469 324.473511 338.677856 337.873718 358.982880 282.228363 361.763184 313.387177 345.234497 324.317596 362.194458 324.913086 372.424683 365.572876 363.239014 356.158844 310.719452 356.361237 329.649628 
292.993347 246.585251 214.785690 287.761658 263.422913 280.017456 271.457001 288.726227 247.773224 234.686493 256.040436 208.260925 269.592377 232.614594 293.818573 266.524231 242.659378 271.365997 225.704224 281.589600 253.946655 288.411743 258.995239 287.050507 262.824951 298.416565 267.888184 259.392883 273.582062 213.098679 303.414795 268.248260 
342.099030 292.204895 273.122040 363.798645 351.750427 346.988953 352.100922 291.025146 277.629730 309.335297 308.530579 281.860474 294.683350 282.475952 317.455383 324.218018 311.589813 338.978607 273.800903 333.094513 325.112366 314.435059 315.990082 322.531921 305.336487 339.817535 349.112152 345.023651 326.373260 279.479218 334.374817 335.450470 
307.123932 252.870728 229.779785 300.137054 328.791901 288.490112 313.725098 262.265198 274.044525 300.587677 269.643066 245.551895 237.185913 238.215546 287.836884 314.191315 279.888885 308.136810 215.979553 298.402740 282.436798 264.746643 267.847687 276.717804 283.589020 314.848663 282.070557 300.144867 286.545349 239.881027 305.708374 285.135437 
344.402771 287.677734 264.303009 336.655487 380.315277 365.541473 340.464020 306.884949 319.685303 294.616394 348.193726 285.954437 312.008423 273.620972 312.931274 332.060974 310.515900 343.481567 279.910400 370.105591 316.554688 311.273041 295.609467 328.897583 331.663666 347.342804 328.906708 363.899658 303.859650 279.942230 348.578522 333.680908 
286.103607 262.075806 236.284058 294.555756 282.227081 308.178741 265.435486 262.521545 259.914978 241.742325 281.031982 264.652863 269.815338 237.020340 278.138397 253.609848 295.070892 294.203247 238.108032 295.406189 270.012695 275.037476 261.424774 285.714935 239.097778 307.724274 317.617401 284.194427 312.641815 223.768036 292.642120 276.215973 
298.391754 250.704636 221.455383 305.008942 306.019897 307.546692 300.506561 275.810303 261.029480 245.842285 292.231750 249.636078 264.539764 215.988617 279.836060 308.484589 284.079742 305.357697 254.285828 303.537415 252.800995 304.802826 295.855499 278.326447 260.889984 303.888763 282.768860 316.156494 280.388214 252.495880 277.012878 280.486511 
356.463501 323.756317 304.582245 378.368195 378.529083 359.956696 368.268372 341.721405 319.339813 311.773285 319.181732 290.404663 313.932220 284.444946 359.486969 331.182953 326.879303 326.596375 289.474609 328.300964 337.339722 359.356537 330.855011 369.516388 338.310516 334.866730 333.130096 357.893463 345.131378 276.300934 367.658447 345.085327 
281.962402 292.364044 245.954330 300.220520 323.688812 326.652893 307.254456 287.874786 287.410034 254.121094 278.492645 248.586044 277.107178 227.288223 263.921234 258.084808 267.109070 281.123749 247.282867 313.281921 298.374512 277.865082 260.194153 301.176453 275.559357 298.484161 301.216858 267.959869 311.121948 238.932327 274.678406 299.494751 
273.134979 229.718262 230.692429 279.483856 287.818146 293.439819 280.948486 246.436691 214.952362 264.362976 261.618988 205.070129 244.032883 235.888702 256.706146 270.539856 227.147919 289.983948 236.298111 241.274948 258.567932 245.551056 254.864563 262.157776 250.106201 294.765472 261.183655 281.656769 273.038513 242.053253 302.577148 291.156494 
320.317474 301.835907 271.807404 346.886841 354.276428 330.672821 310.782593 322.727692 282.854187 305.516327 310.733063 272.041565 300.325256 271.921936 288.872833 285.782471 308.299164 311.322571 252.820114 332.997681 334.231720 290.690338 312.889832 314.352997 308.341614 334.924164 318.363525 345.694672 304.486633 266.463165 316.910614 313.395264 
332.442535 297.678162 257.848206 355.304474 354.037964 330.890350 331.999481 289.161133 315.869995 290.199707 292.839417 291.790253 289.034515 252.469452 308.036499 324.169067 333.533936 334.704865 270.569855 344.631775 295.694244 320.409424 311.319183 327.035004 276.741211 339.304413 329.927673 319.793396 328.089172 269.539642 330.220459 306.136719 
344.993103 334.220215 279.855865 364.824005 363.042908 340.503448 337.996826 314.819946 288.717621 290.122559 284.962860 272.717621 303.877808 287.579956 305.736359 288.371277 335.803040 321.241730 255.965637 319.138336 326.317047 291.082062 292.850891 341.041321 302.703430 332.055634 339.853851 353.781189 306.284271 272.565430 336.885101 326.028259 
353.244415 319.965637 269.098999 375.256226 362.818542 358.708221 378.446899 342.550140 251.835510 311.718262 325.795227 253.852692 311.897644 286.681702 348.714691 312.144836 286.433960 323.440002 265.026184 324.548462 332.334167 325.207733 308.946777 348.010529 296.947235 349.589020 342.345215 326.572479 367.218964 278.103455 338.289490 328.735840 
336.311920 307.160095 276.878265 332.308105 335.963104 338.758698 330.900818 305.587677 308.124786 281.970123 322.751404 292.289764 307.815399 259.296722 332.483337 303.881317 322.094269 326.876617 269.209076 342.839935 323.476654 329.688629 298.984802 360.433472 287.582611 362.852203 334.919220 353.443909 333.420044 270.451080 358.059967 328.223145 
295.986145 259.014008 228.995499 310.228638 314.591156 295.025604 308.752045 270.070190 267.769165 243.569870 279.044891 264.693085 258.520355 249.723297 266.074860 271.300781 282.798096 306.874451 230.466782 299.133484 302.063721 266.682556 261.066711 267.455292 260.549622 291.978180 307.277283 306.497742 258.527466 238.163757 275.657745 290.365234 
301.989258 262.560547 232.337967 339.486755 311.479279 313.492004 307.307892 294.599274 247.858414 274.079651 271.084869 266.514282 265.039246 240.086441 284.127167 290.990509 277.687317 290.617279 231.231079 302.962952 305.862427 283.144501 288.249481 283.934753 284.579193 327.010956 304.874390 320.466339 290.448395 252.500916 319.783936 277.329865 
303.890259 253.496689 237.560425 253.995834 274.032990 315.127319 274.607178 247.312103 255.964981 261.069153 245.356461 232.446640 235.694595 231.757111 276.923615 259.159912 250.223969 282.523712 250.762604 286.946838 258.493530 252.762100 254.905960 258.744232 259.907166 297.354858 273.493591 277.587646 260.014801 222.584518 282.259766 277.699982 
306.683411 283.371826 250.548111 345.032990 329.108948 316.130554 311.290833 319.975708 277.441925 277.288330 318.820221 263.904602 294.988068 282.209229 286.720093 294.284210 327.358032 334.075775 255.718048 319.841034 297.157623 296.351166 281.107605 330.254333 292.042938 319.673431 331.114136 350.537994 310.485382 281.827637 313.820160 295.796753 
346.115967 310.076019 265.057648 329.206818 371.645996 359.938232 330.003845 314.034149 307.945831 315.770538 336.301300 284.459198 313.231659 257.987396 334.171844 339.950623 323.581024 346.164612 280.511078 373.975281 319.187958 332.026978 314.256287 353.881805 319.304932 372.788330 334.832397 351.430023 341.299103 292.717743 333.725800 321.193237 
302.510223 278.269989 247.502411 334.173523 304.866608 311.024689 317.335938 272.327911 255.917725 255.970200 281.954346 264.424591 267.412323 253.836853 270.230255 273.993103 295.944519 285.852570 223.602219 286.375427 297.439087 279.925476 282.658081 293.748932 259.277222 307.632019 318.368256 279.734314 302.742676 229.705872 295.858765 282.733246 
331.410278 293.815582 264.294464 335.596130 357.497711 342.313690 324.029114 300.145447 277.752472 293.417938 319.672150 280.932098 287.509064 295.661255 274.435455 298.247864 303.213013 308.733582 252.438858 335.865509 329.094604 279.805389 275.338226 317.504028 267.921600 318.737396 348.229828 302.432220 321.902283 261.060669 302.574249 318.509705 
285.741058 216.741165 217.467667 265.476074 282.731537 305.991333 250.747391 228.525604 225.234497 257.514282 262.817932 226.947327 236.421371 240.471054 258.522919 253.754761 259.690247 272.180573 235.006500 276.681335 260.238861 240.057663 261.989471 268.196655 253.825943 277.814911 249.863724 296.018341 256.740570 237.405365 272.421875 264.955353 
268.441132 251.068207 211.561554 292.626526 289.108215 288.203125 290.788666 278.902588 228.823654 243.290146 274.723541 227.872025 244.661072 201.504623 288.224365 272.424072 258.679993 263.249390 248.995468 292.003052 270.461823 277.959717 279.281921 267.360535 251.322968 301.799530 280.562653 278.875885 303.574951 228.302719 289.327087 278.637268 
265.501923 229.247375 204.618439 276.144318 282.842407 279.138367 273.475525 273.100708 241.983353 237.913116 266.435272 221.126007 255.221848 205.911713 272.511719 253.180756 239.372543 277.446228 222.915268 289.621796 256.302277 266.663452 255.626312 263.898010 239.532394 273.656891 251.829407 272.850342 275.093170 229.714355 260.926575 253.890457 
307.254913 269.071442 226.520493 282.671600 323.915985 340.450073 299.380859 289.764740 282.278107 281.391937 302.915833 234.884583 276.856232 263.602386 294.146332 293.916382 277.362244 301.196686 275.262512 336.714172 280.113190 282.769196 275.355408 278.428833 282.605011 308.791992 285.888489 331.526825 285.214386 258.785187 306.720764 302.094788 
270.363434 260.269653 224.736481 295.384521 286.175903 296.189301 280.861267 290.373077 269.064880 262.108582 275.423645 215.417526 271.603577 243.009079 260.003021 252.221863 258.227142 267.985229 229.171234 276.370361 239.347183 283.159027 254.849792 272.302063 267.731537 285.273224 284.155182 315.906342 264.250031 224.673431 279.444733 275.443634 
351.558624 307.664978 237.111465 337.623871 364.297485 360.546173 322.902496 318.193298 298.096924 280.469360 322.053162 256.723907 295.818481 280.489532 326.502411 329.004913 339.850677 331.071167 272.114471 355.871277 311.047363 340.215759 311.234741 348.272644 281.135345 329.282257 311.194458 362.987762 308.930847 271.887512 316.918732 336.888519 
263.169342 256.498962 235.037949 302.397430 282.506439 320.140320 313.831848 255.912628 244.978867 239.261108 282.290405 230.262665 252.729767 221.020340 285.691101 273.539703 271.378204 287.355530 252.993347 293.693756 261.982239 266.677887 245.310272 282.190155 250.660309 298.447449 314.022980 274.120087 291.919952 219.294510 281.640625 295.741882 
318.460785 297.784546 264.027954 346.508240 337.168701 333.547424 337.124908 287.699890 310.290375 315.026581 306.977325 290.232147 290.222870 261.983673 300.929688 307.749359 293.691559 316.705780 240.760117 330.689056 311.886597 289.919464 320.451691 310.902557 322.406738 359.967743 339.384216 337.365417 301.793732 263.102142 349.684357 301.848755 
340.952728 293.024933 263.004242 336.773529 341.205444 340.611847 339.441925 284.246002 296.561890 279.022400 288.322723 285.531952 262.001495 261.354797 314.092773 300.738495 310.259125 315.275726 274.014252 337.681122 276.932831 283.083374 270.922638 309.734833 292.040497 338.939789 319.960510 343.006409 309.623260 270.381531 333.528778 307.930115 
323.633728 314.910583 255.102051 359.811096 354.322906 368.747986 349.838440 308.347839 331.101013 325.182037 329.911591 289.395081 308.706940 272.931732 311.301971 326.975830 339.894348 332.505310 298.998383 373.092529 319.032043 314.503601 304.934235 325.660767 333.145630 360.983643 355.306641 356.735992 329.105530 274.356201 348.209381 344.873352 
342.537506 284.624176 248.913437 299.715759 322.619690 343.559723 303.265778 275.461334 277.637604 278.297028 274.951447 252.192123 277.356689 253.927551 311.998810 306.369446 276.493835 292.234741 238.382797 340.072266 300.335175 292.587036 302.136230 314.185120 286.848633 325.393005 306.460083 317.552490 298.487671 240.930115 324.409027 298.772705 
325.646820 301.450256 262.036774 363.568848 322.087006 360.043121 344.900421 321.437561 301.709045 306.196838 307.129791 272.136749 295.099365 281.749176 347.999695 321.329468 299.491211 335.769073 291.003540 337.638397 304.105011 314.397003 302.161163 307.677002 303.772186 359.233887 353.162933 336.534851 341.460358 276.801758 360.459167 346.118011 
347.918549 315.660583 263.986725 356.161438 349.473236 381.331116 336.543243 319.455109 301.916138 306.482727 306.087738 274.599579 311.551025 266.462860 339.251648 351.923737 309.890167 327.627625 287.041290 349.356537 316.776123 313.851196 311.927368 341.734711 317.856598 358.026062 360.857941 369.441406 343.910400 279.287079 365.127167 342.332214 
319.512268 306.123657 270.521637 349.643616 344.553009 357.328339 327.555542 287.840637 290.062927 316.596375 305.395538 300.923859 296.577393 275.745392 308.179474 289.255798 303.047241 323.376984 292.078094 338.714844 329.900757 283.311340 292.648499 342.688049 289.479004 326.201202 338.387634 331.248169 337.576141 269.158081 315.432800 330.472656 
264.961365 253.041824 239.063507 294.945557 278.340607 288.479584 279.169495 242.622269 220.178680 271.856537 226.813858 215.487885 251.321747 234.503143 254.723312 220.831207 217.677933 261.312897 220.377686 234.321274 252.616043 226.959641 253.442963 269.021790 266.783447 254.635605 255.823929 266.459076 274.463257 212.850296 285.455841 262.976013 
279.446442 264.585815 241.128006 335.908051 304.189453 295.532959 301.468201 241.401367 270.364594 251.992462 266.270752 223.182236 236.542831 249.308258 272.937958 228.767090 265.878693 275.699432 239.262894 279.605042 251.224045 267.229492 247.966003 271.157959 269.078400 281.976440 289.969452 285.934601 262.896362 208.926392 290.961273 298.426147 
333.551697 276.644958 258.102844 345.853638 338.027344 330.293793 308.803467 306.756195 269.609741 249.672134 314.268646 263.477173 292.792358 265.838470 308.826569 296.479431 280.599548 330.036011 268.186981 335.628784 290.395844 316.973236 285.904449 304.050751 269.140533 335.258881 343.463623 325.293579 308.019104 256.385468 321.957306 318.682983 
308.341187 294.177460 255.425095 339.795074 341.886047 334.191833 328.793396 295.705658 266.820312 259.205872 291.389771 259.967041 278.741974 272.949219 299.456787 267.799164 289.584259 279.816040 233.703674 319.590881 333.189270 279.275635 285.053314 308.139893 275.257019 302.850250 320.372986 312.788544 287.320160 236.193390 314.598724 319.418182 
264.896454 254.197403 235.975174 287.728760 310.894318 304.985840 278.805023 285.825928 264.363861 240.855225 305.912811 247.445007 260.120209 210.227051 287.936310 300.250916 270.731415 327.195282 248.649963 309.176636 279.621246 271.841248 270.556305 278.841095 261.410095 310.305603 311.341309 289.548798 323.470062 243.114212 320.267609 316.631989 
275.229004 254.289154 206.824600 268.398010 291.945892 287.249847 302.790649 256.531158 252.932709 239.614471 265.522430 220.553864 250.408981 221.236130 271.210724 271.490631 266.097015 235.262802 214.836334 294.251312 264.585144 262.042633 252.407486 268.383911 254.783371 304.413239 277.402679 267.087250 271.520386 211.465179 280.486572 260.772614 
279.002533 276.756683 250.091858 340.937134 348.452820 296.296509 335.481140 305.469696 254.986145 251.464325 317.458191 255.029404 267.782501 235.453293 292.733368 287.364410 299.315399 327.697327 260.583435 308.638794 296.771149 312.923981 271.657318 296.836884 268.540375 311.895752 342.194305 318.768311 311.352081 273.998199 290.882721 322.059875 
256.128845 259.142395 240.088638 310.290466 328.593170 299.775635 299.945465 276.970367 271.815460 242.928406 265.928558 219.388596 247.488815 227.975082 244.424988 272.336212 267.532715 256.681671 234.298080 293.260284 261.200867 270.199036 262.912140 271.168274 260.122223 263.480713 274.423431 264.328674 274.300049 213.810699 242.445175 287.598297 
331.217590 285.868561 239.180420 363.696777 350.146545 339.269104 339.923401 302.566040 307.277100 295.947083 304.576477 279.253937 273.752991 254.534775 339.126892 320.120026 313.960632 351.614960 273.111969 341.314911 312.521423 314.768616 290.009064 321.889160 294.775116 342.830505 318.606659 344.722168 323.750793 269.731964 322.555756 311.165039 
311.479736 298.737213 244.632584 340.753357 306.619415 344.096405 330.543304 332.922516 268.842773 302.516205 291.460327 267.037384 307.000000 267.956360 330.388824 321.551086 272.298981 288.973206 258.296661 328.865601 317.905304 312.024200 285.073792 327.932434 309.161041 329.959900 333.450317 334.183746 342.264008 270.751862 311.551941 292.013824 
292.817780 258.111633 246.017044 316.999023 316.377350 302.241150 301.866119 280.327515 251.639191 266.327820 262.779816 244.203201 259.856262 242.785614 276.393585 295.646179 302.327698 312.289551 240.887955 295.194916 271.009216 270.033600 296.715179 303.443542 269.618134 307.237976 300.557587 307.818665 289.658386 277.597778 293.778290 292.897095 
318.171753 255.968750 244.738327 305.869049 337.589447 314.767639 312.175995 265.463318 303.342834 303.891785 290.383972 260.065643 278.643677 244.756989 290.044250 303.101013 278.459747 310.333405 260.626801 316.455475 292.814270 287.461945 294.581604 288.307892 297.390076 334.857605 308.922119 317.974884 278.514862 255.397766 339.141998 303.788300 
333.093445 281.397156 274.107269 357.480286 344.045227 327.890747 342.180084 261.913971 275.392395 280.423187 284.592285 246.864182 268.889374 256.054749 310.298401 297.781189 304.976135 311.845398 266.521484 311.487671 286.113831 284.317963 301.435242 314.193878 299.973419 325.611023 319.416656 312.884308 302.854553 246.503418 317.604828 317.430298 
298.084015 273.810608 247.105667 312.972870 298.444153 321.592804 335.304901 271.596039 294.961548 301.194427 295.942261 270.636292 300.007385 238.529373 301.736908 278.455719 258.540558 264.119019 254.272125 308.704193 308.695709 312.029602 293.264404 294.871735 285.455933 316.740601 313.620728 293.228882 313.666504 226.580170 304.396271 287.083282 
320.253235 304.410431 264.975372 336.380432 309.844635 346.909332 303.079956 292.767700 262.927551 287.233826 285.049500 227.472519 289.698700 274.591553 323.210754 287.447174 271.283234 280.879395 285.579803 304.301788 278.751953 290.354828 280.435120 315.510437 308.330048 306.693481 310.341461 331.894958 317.854858 245.120560 325.434814 303.629181 
304.476654 251.520142 240.468842 304.278259 281.580048 313.130951 270.502502 257.302063 228.881973 259.632721 256.009674 218.396347 277.120056 248.965988 283.148651 258.933228 246.259064 288.451752 237.219940 277.674347 282.388397 269.235626 250.358795 316.518768 241.615768 263.670685 291.573547 267.359955 283.324463 206.007126 291.240540 300.842468 
338.315125 311.780945 281.497864 386.099060 367.459076 356.114594 370.785919 321.364594 313.825104 312.425293 322.590759 281.584717 322.227722 278.399689 315.289429 331.643738 323.783539 336.016388 289.534241 344.565338 319.134338 342.076172 320.087372 320.503937 336.231049 378.897095 375.494354 357.264618 333.737152 282.907715 345.776367 344.366760 
312.223053 294.622284 260.745331 312.764465 325.063202 314.232849 304.409576 286.569061 264.133392 241.548431 284.477692 248.351456 274.088776 254.620468 280.906433 268.807922 271.730804 296.096008 244.518234 301.446869 294.021118 284.929779 258.948364 311.855377 265.360291 312.138519 321.429840 290.704437 302.705200 248.723404 301.344238 304.824219 
