289.034546 357.979065 280.574280 254.806549 352.533936 259.511139 302.796600 301.463226 312.081146 315.928162 292.686646 295.701843 340.285339 324.595551 307.186707 313.217438 312.135834 368.552155 341.044647 311.350128 285.331360 321.785492 249.225220 292.837677 312.410736 300.154999 288.291718 352.309631 347.979767 296.910461 289.755768 302.651031 
313.846954 366.155029 315.290466 256.186951 361.689423 270.303833 308.092255 312.610443 342.719818 337.830872 347.286530 354.658966 349.772339 350.817444 344.431183 322.015350 332.164337 350.714752 363.808136 333.938416 354.444458 331.670715 263.033661 331.091919 347.368042 360.509399 315.182892 399.396637 355.415192 314.894836 319.258698 362.440857 
287.743347 341.469666 289.103271 254.189667 359.568481 280.452698 306.855530 328.856293 318.998260 315.528748 336.470459 313.547882 369.425323 354.132721 309.690521 327.928253 311.555725 362.826904 326.732269 293.701691 285.513275 319.732849 268.400330 300.277649 339.779266 309.604492 302.314362 348.039978 343.401825 306.378082 317.144958 334.764740 
287.566711 278.522003 271.260529 205.546356 309.823212 202.238815 235.807480 245.698624 256.268127 276.691162 283.502777 270.127533 259.965698 290.573120 317.287384 251.424179 276.601440 305.670563 281.517548 275.028351 262.016968 273.466553 218.257019 270.897125 281.856812 288.075562 241.182068 340.774597 288.830200 246.536758 246.071213 282.111664 
283.438110 333.277435 305.354645 224.921570 317.854065 240.182816 271.976501 297.584778 311.798981 320.275574 316.801117 301.056519 344.587128 331.988312 306.099487 298.599731 318.701508 288.042297 311.046997 267.951508 295.549011 276.204987 233.324036 301.196381 325.208954 302.830597 289.613922 360.885864 322.174255 289.509460 292.821411 320.504364 
327.272034 318.763031 315.636780 195.140106 316.293091 238.252060 234.135757 269.493988 272.756439 323.298096 313.778015 263.159180 306.399536 334.998962 323.411774 257.202301 279.480042 339.015991 278.891388 301.760498 278.041351 291.669098 232.191025 278.090363 287.936920 280.925995 265.718536 340.414368 297.888855 239.436218 269.113251 270.561249 
357.023163 417.818787 343.995331 288.001740 387.735474 312.320679 323.356171 360.950928 346.229309 361.070465 372.821594 358.672943 408.139648 392.018799 382.363525 351.462738 385.517975 396.441193 349.088348 353.456818 312.985962 340.730621 286.031250 344.711456 358.427307 362.937073 322.024139 424.805115 403.902924 331.633972 334.189514 370.820160 
277.400604 324.969543 274.671814 227.167114 291.214844 243.483353 255.483673 262.825226 283.648773 318.410461 300.788239 275.437408 330.669983 282.614166 293.154297 268.680908 284.920532 297.295105 301.900604 249.080643 265.145111 283.782715 204.444702 283.827087 285.421204 264.955658 261.447815 327.847534 325.978485 280.975586 299.734192 263.066528 
267.015503 340.327209 244.414093 235.387634 307.603088 228.284653 282.501190 261.856018 285.844635 304.149994 280.465912 280.805450 317.686096 306.471222 282.059814 263.958374 298.167206 313.212921 316.856506 285.458191 294.011017 287.000092 216.201691 309.722443 322.541046 286.903290 260.287598 339.328186 324.834930 280.687988 287.049622 287.610443 
273.878479 329.691193 247.274063 237.682312 318.192230 245.377823 268.327240 288.080780 287.236359 290.033295 307.719055 282.232086 347.210510 329.816101 285.815765 277.378357 294.737671 308.721466 311.965881 288.682556 265.494995 323.587250 212.353760 293.328918 321.834290 307.994293 251.197586 357.950562 338.789398 275.126831 309.614471 314.489868 
324.398071 381.642883 316.453583 282.918427 371.264923 274.062927 311.775726 335.777863 339.205414 361.496124 365.281189 334.004395 380.661896 343.042206 361.096283 355.199493 340.048828 362.094482 372.758026 307.105255 309.094696 318.192352 243.869385 327.948395 364.976227 339.288971 303.991882 406.373657 377.179688 318.171448 347.201416 355.343658 
312.102661 393.725281 316.668030 269.938385 375.676086 276.966949 334.684204 315.942993 350.965942 342.446899 356.027283 342.399475 348.187958 386.450256 338.253967 329.635864 336.545349 371.457581 367.988586 325.295715 318.297577 352.963593 272.446777 356.234070 342.425323 319.044769 310.919708 394.567963 381.033783 322.683777 331.356140 362.935822 
308.316925 358.993774 313.512726 288.302734 351.708099 276.086639 334.619568 320.979370 318.793579 299.099243 342.364349 368.868805 358.341980 333.271362 322.419220 330.857391 335.387146 330.316315 325.446045 330.096588 327.649261 336.646942 256.947205 357.737244 361.015289 329.999939 323.571503 373.606812 388.151001 296.447449 343.080017 335.132172 
268.558441 318.024445 297.204926 229.647263 312.019531 264.558472 274.968048 302.319641 320.246399 305.028168 283.456757 273.376495 340.048157 314.443787 288.632751 285.572998 324.683655 315.852417 303.191528 274.897278 257.300079 280.066772 235.787735 278.325592 312.222229 279.383270 275.507446 336.530060 319.235657 280.484253 310.722443 299.209503 
240.295593 286.385590 250.368576 225.373535 296.165710 220.362961 260.693481 264.140228 258.724518 253.923355 268.238525 260.483490 281.850952 268.302216 299.333099 248.329239 266.328003 280.590240 254.864197 251.320190 233.923019 268.953888 213.276672 246.831802 290.441986 256.002899 223.130203 317.558655 291.418793 248.050690 266.885223 297.321747 
349.732330 416.577209 349.102753 295.561829 381.905853 290.304413 334.796753 337.992401 358.651489 400.129669 376.347870 356.068726 409.046722 400.393463 402.306854 341.685486 377.862122 402.419708 383.926514 351.821991 351.601105 357.634644 277.848053 365.540497 409.405457 376.684875 331.081177 430.420135 405.621826 340.612030 359.166229 378.221252 
303.928925 375.354340 277.807800 234.967346 346.929749 248.428467 293.179291 293.102142 319.071228 315.726837 312.510681 293.891998 338.656250 322.668701 309.963837 300.959198 298.931732 323.942413 344.968475 312.318146 291.307220 308.171112 227.718719 301.876587 310.731934 318.074127 281.296753 359.625641 341.114105 280.782898 315.937988 317.010956 
268.165070 312.723267 253.999008 214.663330 298.380951 229.076904 243.462769 274.945557 253.453842 296.577301 289.005402 278.091431 294.363129 305.664886 301.070557 270.101562 273.813873 298.496796 270.846100 261.011902 254.421951 294.643921 219.443939 301.966919 252.557190 277.330261 236.267288 321.924469 283.867737 252.456589 255.519592 273.426910 
244.009613 330.917908 270.645050 207.703415 287.450897 212.430023 235.297913 246.386642 255.573837 304.557892 267.195221 270.726624 286.773743 279.401581 298.621613 257.790375 295.682281 275.443787 277.916931 246.426544 247.294769 255.956085 200.768082 269.193573 284.019653 265.268555 227.007919 311.580933 292.009796 236.125427 273.788239 293.429901 
290.850006 334.252472 306.988068 229.943893 347.876190 254.667007 274.341644 309.956360 309.418945 309.182190 338.823486 282.688324 380.566528 357.029480 271.938751 294.546936 316.593903 339.081879 315.932343 314.447449 267.271210 305.000946 241.773788 271.204010 326.418793 318.586731 270.599670 366.652588 338.542755 280.285034 320.291138 300.914703 
297.240692 383.345764 300.396423 239.730453 334.840759 245.158432 328.930206 306.323456 305.800964 359.493866 320.367249 316.772308 364.486389 347.684998 345.398926 319.194397 328.242432 348.681458 336.489258 332.443848 330.919647 322.090881 259.466309 321.785126 342.424652 322.196350 303.263611 363.999023 343.185059 278.079041 307.955719 344.314209 
264.791931 325.786102 277.104431 198.721176 326.081512 224.623322 265.782867 282.452148 300.186371 299.884888 310.524139 288.916107 316.921143 329.842926 286.427704 298.382690 310.911469 318.883057 301.259674 294.056793 277.710144 286.893188 244.773819 262.614685 330.958801 316.479828 278.503723 339.250824 310.194733 261.589844 288.647156 313.603027 
295.961975 378.789520 330.046661 252.957565 372.219635 278.419067 334.422394 320.094177 331.239075 334.235565 331.290253 354.740784 348.340424 359.548676 348.131714 329.636688 330.171997 372.631805 319.191650 341.739380 324.398865 347.910004 273.599823 371.292267 354.513214 323.041718 283.928802 395.972900 383.334290 311.076782 326.000397 352.742249 
363.125214 423.318634 338.443878 277.395172 395.862579 301.936920 335.003326 358.227814 335.679962 376.908997 368.797974 364.634949 414.641510 392.267303 387.300110 377.731537 359.927948 396.173279 388.075775 378.371490 354.489349 341.781433 253.696014 340.007599 373.877502 350.157227 346.093536 428.851471 411.429260 316.069977 349.050354 382.220215 
313.352661 396.248566 351.144958 264.333099 357.772125 294.447357 357.670746 350.901581 326.531860 346.248474 352.124542 337.046051 384.185547 366.308167 336.458862 327.307373 349.105865 371.541473 342.038727 356.730499 310.954956 339.868500 283.746124 354.469147 362.903900 330.818359 305.917328 390.375732 369.919281 291.806641 346.413422 343.075684 
323.644440 377.851929 340.222198 279.349640 396.156769 283.637817 300.649475 322.731384 334.224457 373.009155 342.280396 333.541718 381.503082 364.503479 375.827789 323.410950 364.223267 366.662262 345.970856 322.853943 330.927917 376.919464 275.270782 364.387695 356.065430 351.942627 305.196381 422.902893 377.952423 323.805939 349.814178 350.446747 
268.160431 347.172455 283.217743 214.142349 327.392609 264.107788 290.330658 291.902466 307.965271 296.678986 298.656006 288.075409 340.358917 335.735535 278.684967 284.608337 287.144043 305.330261 303.159393 296.897339 271.737091 301.440186 224.332840 305.008606 275.600800 309.207092 260.128784 344.846344 330.681000 254.148376 297.941101 303.507812 
285.024323 367.164978 290.311859 246.299667 328.186157 252.163696 275.247986 279.979034 320.903564 314.053589 314.687256 301.283752 331.411591 287.664459 283.282257 287.726318 300.097046 324.576721 346.662994 300.129211 268.956085 297.696655 237.729996 286.537476 317.974854 290.213898 267.026825 325.519745 356.916290 279.164642 325.676331 311.488647 
315.527252 422.761719 327.100128 273.976715 386.326141 296.514130 342.198395 329.754333 378.669464 361.212891 330.735687 332.418091 397.122803 379.269531 313.739166 338.679443 344.612518 377.274902 365.355591 326.235657 333.738403 343.001282 288.229065 363.833038 377.138824 354.571381 316.889313 392.247345 383.359467 318.819244 373.797089 332.106995 
311.253723 375.601624 307.514465 264.026825 349.606415 275.389587 304.480682 322.461395 343.279877 332.268036 334.742035 327.150360 386.763580 347.456543 351.866119 317.683228 327.855621 385.249939 342.737457 348.317566 332.961456 373.619568 300.318634 334.012695 345.318085 347.291840 292.597443 365.129974 360.916840 294.133301 339.311676 352.357330 
353.914185 406.157806 347.769958 275.610535 408.563660 303.756531 373.832703 352.381500 358.121735 364.909027 365.994537 333.748077 387.074615 371.408386 359.553040 345.926208 342.172058 385.035095 383.239807 352.578766 316.823242 353.507751 282.782593 353.504669 357.346039 339.795898 322.406738 403.458710 388.653595 331.825714 351.673767 344.952087 
290.311157 363.427582 305.372559 263.975037 343.505219 290.148193 306.309448 340.216614 306.892731 307.330750 314.661346 311.277313 361.282867 326.076843 328.928436 329.652893 335.111115 351.656677 339.579132 314.711090 258.576630 317.010651 243.510635 298.514709 336.991577 298.093475 276.724335 374.761047 363.844086 292.968689 335.070068 341.454376 
326.338257 382.040558 335.254120 258.119232 358.693970 255.633087 269.109741 319.094666 323.122467 335.318634 328.202271 326.560760 356.723572 350.863007 340.171234 321.324188 333.749634 364.230713 316.747192 338.237427 310.493011 299.060974 261.879089 297.349579 327.776917 340.612854 299.674255 385.822479 352.624054 295.455383 313.071899 335.765259 
286.261200 341.996368 261.325989 246.135117 325.197235 237.851578 286.543213 306.865509 270.269531 303.978668 277.556213 274.202545 337.279541 347.625092 330.558136 313.744415 296.869171 331.641388 306.901489 303.603119 258.798004 316.909119 225.302963 292.135254 277.412689 287.728424 277.111450 351.488068 316.875610 265.604553 303.199860 307.993896 
317.040100 345.276886 328.723480 261.652130 343.915558 271.188934 291.879883 337.548950 331.274567 305.795990 347.011414 321.244476 359.815826 362.155914 321.851532 330.537506 360.263550 365.170471 309.489563 323.825897 280.632477 304.657349 288.316528 314.479462 335.395935 347.370941 297.451355 373.591309 337.465424 295.066071 316.931274 308.493469 
290.833923 371.806213 286.927429 245.664810 338.340332 254.551651 279.769928 305.723816 313.445404 330.079407 311.127136 299.918793 373.320099 352.887085 328.636047 312.053223 327.060455 341.325134 316.017548 303.149780 290.043396 319.441620 238.007706 305.714111 328.469727 307.071106 281.902679 369.198425 333.280701 304.813721 318.079041 329.888123 
311.018524 405.212952 323.893829 283.413452 360.519318 278.247864 331.199097 349.850464 351.548340 358.807007 350.951263 356.528076 396.490326 359.060272 348.972687 365.854156 370.126434 348.897675 355.957764 344.358032 315.976654 340.898956 270.526398 341.173828 361.046936 373.325500 317.144836 386.708221 369.598206 321.235687 348.554626 376.738922 
270.780731 308.662170 263.278473 224.731491 283.880676 225.582382 286.873138 262.817780 275.217316 297.431183 313.983673 302.602722 295.759857 283.520203 297.174133 257.735565 285.849243 308.073273 316.660706 256.897888 259.624359 285.365936 218.608261 284.121033 294.834198 274.687775 257.053680 300.577972 308.990417 268.216858 279.350250 275.022034 
277.068756 340.570618 274.581665 234.314346 341.962616 235.856750 288.767670 289.806152 306.746826 317.654449 312.088745 314.340393 340.571777 298.467560 317.720398 273.601044 293.269867 334.896149 346.331940 303.535858 287.521698 318.777039 256.870026 299.532593 324.507446 308.118958 237.959854 373.817993 348.065521 296.734253 306.291382 311.841492 
258.542511 291.434845 264.928467 229.863983 312.561676 239.539886 270.975311 271.288391 274.614532 273.024384 269.387939 255.912949 295.322754 303.265259 237.229095 300.966980 286.295441 306.017487 278.421234 264.533630 248.558838 297.960083 229.189178 260.901520 286.392639 284.133423 283.438385 334.915497 326.062500 252.562698 294.236115 277.947205 
347.407898 405.938843 340.886536 254.372955 389.480072 278.657227 328.084503 333.813843 340.317688 389.828888 377.950195 344.686615 389.858215 368.880981 359.934113 326.172119 355.951202 389.708191 382.150085 357.696564 342.297333 349.777161 283.401245 332.743988 353.987183 360.001587 300.735840 417.521088 389.119446 321.135986 345.591431 353.416962 
300.297729 384.320343 297.510437 259.088928 356.275909 275.761292 292.098145 316.780975 317.664551 346.161469 323.688843 294.483795 353.567841 348.107117 329.632629 314.597107 342.768463 369.545197 332.749237 309.244568 312.315765 330.680634 261.786102 326.572174 342.191589 316.753845 283.200043 373.830414 347.770660 299.270782 346.697998 323.741760 
306.620819 369.200012 313.317108 257.947754 350.384552 283.989227 312.179565 326.885956 337.199799 328.260254 345.850189 291.444183 367.864166 367.544586 321.781952 293.660400 341.198914 361.055176 340.411682 322.180145 277.550720 323.817841 283.754486 309.279480 334.563141 301.680389 296.950348 370.908325 357.521484 315.369354 317.500916 317.243286 
331.839081 383.411407 312.084656 278.285187 362.303314 293.379669 290.467987 317.676483 337.807465 350.561462 352.604523 352.433289 371.696594 366.393585 351.653076 336.324982 350.123077 362.273773 331.918854 313.184479 309.353546 321.891968 265.318756 342.569611 338.963165 354.343170 320.956970 373.809418 376.463562 316.482513 334.176178 350.832245 
259.737549 328.788483 301.418152 259.114899 331.052612 241.541382 275.245392 300.616974 289.472351 306.969116 298.655090 295.311157 323.895477 297.920685 299.885712 306.010803 308.112488 305.272736 305.673187 266.654907 248.897980 293.906372 229.315628 290.940826 314.856812 296.449249 250.577087 346.928009 336.920837 272.751953 288.444397 325.429779 
312.132599 390.955078 316.275177 258.928375 339.511871 267.212463 307.934204 304.944214 343.908844 336.606323 317.300232 328.183533 353.151276 363.139069 325.028748 298.983459 353.097870 345.860413 343.157440 317.818329 292.018280 332.780914 254.457565 348.496277 354.319885 331.743073 285.101746 389.794800 386.045746 319.572601 320.990295 331.419952 
267.152496 368.786774 321.346069 261.649872 360.691315 278.151215 311.799866 313.463409 327.986938 312.750763 322.884796 324.608551 362.490234 331.326111 338.677521 299.627808 329.231903 323.612122 343.856720 334.045044 308.224457 336.754059 277.428864 317.894775 338.416168 318.755341 276.649811 377.704041 353.621918 276.725616 336.872955 360.500702 
296.416229 376.243744 301.392670 256.079681 348.408752 267.301300 290.614685 296.410492 311.286255 333.436279 319.307526 328.433899 353.527161 350.554047 315.827148 329.733582 332.464630 355.179199 324.594055 319.472656 305.838013 332.096558 233.733719 335.059082 328.709961 335.817535 291.031952 362.053101 364.226257 268.251190 329.333984 320.417725 
244.745972 325.667786 269.826416 213.810471 297.015533 219.434967 243.129242 265.478577 286.547333 290.733490 271.322357 272.213959 298.546448 281.834717 295.481934 284.167603 276.056976 286.612823 273.842712 249.194458 235.324554 269.832642 223.344345 261.470367 273.191071 272.497009 244.237015 309.421204 299.295868 234.051437 270.781403 292.585724 
310.575775 406.008575 333.018158 272.679016 385.292206 287.131775 333.962097 353.169403 371.693573 365.143494 355.442596 325.449707 384.565643 355.663727 358.586731 336.840881 378.223755 376.130280 377.614960 334.401855 321.758301 323.681519 297.228699 316.335724 373.476074 355.457794 297.725037 415.598816 380.334503 330.840057 341.648956 400.432098 
265.451355 309.679840 259.316132 223.339584 318.436890 256.240387 274.020264 270.580658 297.460846 279.296936 311.403198 301.627960 302.924774 289.629608 283.636963 265.315887 290.638733 327.019287 310.515594 279.993469 270.146088 276.420135 223.196838 291.805115 296.718964 288.621002 249.726044 324.433960 310.162720 249.327225 297.417999 279.406311 
277.211853 360.020966 302.694153 255.960098 318.541779 260.548218 312.749542 282.491180 312.830780 338.112915 315.731354 297.809509 369.510590 299.178833 306.351685 279.632477 322.954224 329.081696 326.463928 290.182739 293.274231 328.056091 268.850708 318.847443 355.820129 319.862427 264.845337 339.151154 345.512238 271.746674 341.864838 321.643066 
301.646576 345.465607 312.212860 249.004471 316.991058 264.021606 295.334076 301.686279 301.777557 318.215881 317.157562 306.450928 334.224304 288.456390 319.820557 297.804840 295.595337 331.718719 321.843781 304.749451 282.582977 329.203491 246.762817 316.786652 305.228271 294.616974 260.046326 354.086517 351.622314 252.269547 308.566681 307.765717 
260.985565 299.904022 253.169266 230.028900 303.744843 238.697815 242.384827 260.142456 262.759125 280.254944 277.999207 277.232910 308.315338 268.272430 271.432770 261.162964 273.617493 297.271362 300.890137 259.428589 249.349030 285.191284 177.614792 257.354218 300.836823 269.483002 234.171432 318.578491 313.411438 251.003220 294.015289 278.371582 
344.184357 405.229919 338.047546 279.389954 401.721100 311.414001 367.107269 365.801605 388.762878 360.301514 367.450775 390.451202 418.614410 409.006592 371.581238 357.409515 376.229706 387.046906 367.410095 356.307068 355.005127 381.242889 302.002289 410.213593 392.359161 378.875092 333.631561 427.227600 408.596527 358.773010 378.318756 368.825348 
304.031067 363.771667 318.588806 261.095306 357.573853 271.360718 294.945740 331.779602 303.436066 323.150330 314.687103 323.256165 368.832214 351.462372 314.451263 347.516418 336.890076 355.982758 317.952850 324.629425 294.301117 340.840820 267.617310 335.433655 335.777100 339.200470 286.194122 366.310852 354.067932 273.329590 343.347229 350.645142 
308.470947 376.623352 299.379242 238.689377 356.228363 264.406799 273.712219 310.299347 315.497559 332.215424 328.692719 287.467896 340.949615 342.955109 318.445618 317.168091 307.048096 360.334686 344.731537 320.916931 285.725555 323.960480 248.080765 313.067108 305.718842 314.441681 280.953491 354.033936 332.893677 269.915588 313.133026 314.641113 
279.281403 298.443604 269.531433 200.041885 304.824036 210.251236 255.374420 270.998962 267.534485 290.599396 285.280304 294.392822 309.283386 311.309052 279.449371 274.080322 276.825806 288.382904 276.603577 273.448486 283.543854 304.762665 215.453323 296.805969 290.595154 282.586426 257.959045 321.516815 286.444000 250.413727 296.663147 258.762909 
221.479095 268.995331 226.741898 212.494232 273.342957 199.940048 243.474030 247.645187 242.906250 239.221588 250.651413 251.096649 277.988281 268.663086 252.747375 263.569763 250.315613 264.436066 234.510956 237.681610 228.095245 225.702286 211.872467 239.226959 267.310486 255.373444 248.081650 276.699524 262.333160 232.189560 251.842560 242.424515 
288.184265 314.646057 283.748627 238.830185 330.568970 254.846481 292.593781 278.544464 287.190643 290.213928 299.489288 280.880524 313.124146 309.343933 299.833405 290.534119 297.650970 328.826508 314.162018 294.313599 289.248108 316.948120 253.913559 298.218140 310.981110 295.063385 283.508850 366.122345 335.673981 271.152679 290.843353 301.397491 
309.172028 377.158081 300.529633 262.979553 376.049011 250.459122 301.161804 296.488068 320.274139 363.282410 325.858276 334.029724 368.536926 348.847168 337.043365 321.567322 330.423248 361.499847 367.870178 301.033356 325.245911 347.213593 262.525269 327.160095 357.817169 339.534607 295.015442 394.427460 380.783844 313.724945 340.133148 330.069580 
289.665161 309.491302 279.379456 232.069031 325.854126 246.434845 278.259125 267.948944 294.998352 306.306152 305.202728 284.803558 329.489136 283.975159 296.472473 284.193878 289.772369 333.183929 319.464386 291.143036 297.244629 288.914337 234.860352 266.995697 322.415436 293.832703 266.762604 357.306976 334.150513 252.857864 316.928711 290.909302 
246.723343 305.058777 270.299469 185.924759 302.325928 214.896637 256.465820 267.214355 288.620575 276.808289 271.178284 254.835266 253.175247 283.475800 267.718079 251.668777 298.247406 266.960236 282.731049 238.323822 239.663116 281.684296 225.830338 265.859314 276.316467 246.874603 225.275909 307.706268 268.287720 270.761749 258.102020 290.360413 
268.822113 349.268494 285.267487 230.394257 339.632874 243.852310 279.950226 302.044708 289.410217 301.937531 299.428467 296.618164 329.407288 328.537079 315.992218 312.810303 300.417267 317.906311 322.541779 292.528351 264.479431 282.643738 220.272644 296.944489 304.067780 301.220978 261.179382 356.084351 315.970581 279.533966 297.553223 308.729340 
