299.137390 339.842377 304.128174 232.084610 345.883759 269.226776 272.635895 286.824341 317.021210 328.187439 346.915527 296.457977 324.588470 319.548279 303.525299 297.967712 313.450836 351.252228 307.455719 279.055420 298.761383 315.786255 246.805161 328.371918 302.166229 306.602783 285.964142 352.951538 322.980408 272.130341 312.160400 287.875458 
289.882477 383.004486 322.403778 249.655914 349.748016 273.375763 314.947327 341.040405 369.536407 343.533081 351.749969 307.000275 349.002625 375.486145 345.885162 303.650665 373.130188 327.682526 344.877289 324.241577 320.430878 335.375305 267.228638 360.459198 334.088104 321.768524 280.181244 405.777954 342.591858 326.114532 320.378479 355.899567 
269.647400 352.435120 299.754425 249.591949 318.618713 274.233551 266.463409 282.601440 289.557281 313.504395 307.967072 279.303070 324.484283 318.398193 316.770905 286.300812 314.492004 312.555664 272.063019 273.335236 285.623047 282.260071 222.931259 305.022491 284.870117 312.868805 297.709473 323.443512 309.087555 260.961029 289.409058 308.901855 
254.566193 323.158203 276.374786 225.927078 297.816315 250.596802 261.013153 280.000977 282.165771 289.953888 271.939148 265.336090 318.378479 291.975555 284.298096 278.399109 300.198700 311.674255 299.984741 280.102448 278.718262 284.779938 223.093246 271.566925 270.657196 275.365814 261.353699 336.715271 319.460480 240.853180 276.405823 303.158051 
311.916534 358.451508 312.890198 242.033951 341.503174 274.849182 304.962402 325.385803 325.781799 336.929413 334.880219 330.812897 354.207855 327.432404 348.517242 314.575745 337.460449 346.576385 361.596161 307.317108 297.377197 345.769501 244.515991 341.907654 334.755188 317.803314 286.271515 372.291779 348.502594 295.734558 331.568085 326.513245 
318.255371 361.115204 313.363220 223.792831 357.324615 257.073364 299.549988 293.828461 325.203979 337.774200 320.646820 321.923889 308.256622 368.105835 336.315063 306.321442 338.545990 333.439240 345.339966 312.472229 302.612946 311.118774 252.423492 328.559174 338.273621 327.315247 289.118835 407.882538 348.451935 308.404144 303.986237 351.608002 
307.908478 372.391510 315.024933 254.793350 327.862640 289.410095 295.720245 276.904053 326.977661 343.374573 314.197296 328.517365 366.196075 356.557526 327.623627 288.248230 328.148987 349.742310 322.015228 315.553772 314.705078 333.616089 268.073792 342.079071 331.627563 342.358002 302.325104 363.182983 345.676117 278.345398 330.052277 302.317841 
296.331360 348.491547 268.472473 225.351944 310.184937 231.427368 263.886078 264.415192 285.260925 314.269104 318.744904 315.188263 294.311829 296.811615 286.870544 277.035675 287.562866 339.727264 332.802582 287.615692 271.794708 300.000061 227.039474 295.852875 320.949707 293.767883 245.407410 329.981445 348.902344 268.710907 302.115143 313.432831 
250.657059 307.657532 245.480881 200.695251 287.214783 195.214218 241.547256 223.222977 230.998993 306.367615 264.276794 255.873444 270.390900 281.332733 296.478912 259.280579 266.441010 273.590637 264.484467 232.207626 263.207153 288.211975 190.349670 299.415985 259.325287 285.661316 233.813171 300.988342 266.535889 227.355728 245.457230 284.989777 
322.310303 401.242096 316.194672 285.111816 377.353485 282.011749 308.160034 322.225494 307.896637 335.500854 335.825531 342.040314 360.704529 361.431671 353.118439 337.083405 342.526184 370.836273 348.798553 329.874756 306.223633 353.282379 273.961060 347.152832 324.135315 324.726562 296.607574 404.851288 400.079468 305.880127 330.454956 368.493256 
333.762604 393.254639 350.995148 263.304596 392.037445 294.227081 329.279297 338.336243 393.424774 328.890991 363.024139 357.890839 371.830902 371.578094 321.551880 331.511810 359.355774 367.650391 364.390472 354.861389 318.553864 361.916412 308.041718 338.578064 390.474487 361.338837 321.987549 413.742798 408.086792 326.682190 363.345886 355.952637 
262.332062 309.146057 268.841095 212.804565 306.496399 227.274414 244.805573 282.896515 263.294464 263.926025 275.284088 285.126709 303.797028 304.563049 276.422638 274.409119 249.252548 297.688049 287.719879 306.001373 272.057770 260.672150 232.722961 252.696106 271.096252 263.786713 249.777252 342.798676 316.491638 245.680023 260.102631 269.949524 
326.657623 359.250793 322.997620 250.236572 365.834595 279.817963 296.370972 322.345154 340.362793 324.843872 352.880585 338.268768 361.414734 382.123901 334.862793 323.759369 376.382965 346.411591 330.713440 325.480438 317.316284 319.212524 264.647980 326.305359 364.224670 341.387970 307.011993 417.841217 374.731750 318.975342 326.699005 353.415253 
261.756439 323.078583 267.905762 242.932388 337.464874 235.446060 280.684631 294.189972 311.596191 281.765350 307.576202 271.497528 325.107422 326.594879 267.129425 285.574036 319.289886 333.900024 296.594177 289.175293 265.877747 281.685364 234.959579 276.713348 315.607025 305.831360 257.853760 350.707092 332.825562 286.730286 273.333710 303.103333 
319.133942 384.440643 330.824280 250.759338 392.283722 276.160492 325.245911 346.174408 339.402039 357.017731 358.198364 329.083862 375.789337 359.842163 352.867035 343.663025 363.795929 361.132538 360.669952 320.432648 304.114471 348.556244 276.749268 341.592224 339.938599 339.889893 302.894806 393.952850 362.015533 306.563446 339.110291 343.868378 
260.499451 328.475983 272.187653 211.453934 317.531677 213.544754 271.785461 271.470428 264.740784 299.836823 288.093079 292.382568 334.104492 323.254913 271.791077 287.385437 280.130676 306.614655 298.980713 287.065552 271.307800 312.828064 228.450134 292.286682 301.426422 288.029968 262.639465 337.593475 328.285217 267.214874 293.452057 293.223511 
288.729065 337.108856 281.598175 234.969940 305.943176 248.620987 293.483765 295.226440 301.488007 287.893127 326.629211 294.086548 315.099487 308.662323 303.269684 270.492920 279.515015 319.052795 300.015869 289.520935 266.703766 272.111450 229.584290 296.803802 291.663696 270.693726 270.080841 342.754059 333.768005 271.888672 284.646484 285.703918 
311.310211 404.220703 352.137573 274.802704 422.032166 301.607849 321.006226 354.462585 367.017517 380.763611 371.295105 341.126373 395.646271 358.120270 362.858276 368.574097 375.939606 396.979126 371.582825 315.200165 337.311157 369.842957 304.371521 344.061035 377.505371 335.630280 311.457153 431.707397 392.307129 338.341400 353.854645 378.015198 
287.081299 321.316956 296.203918 205.328003 332.457367 241.246887 253.786606 296.608154 329.974335 322.641388 290.127228 281.807800 313.771820 330.211060 299.149658 312.085907 313.773621 325.911560 287.476868 272.819946 282.121613 312.083282 258.207031 304.039764 284.511963 305.400024 279.119904 350.644348 303.488525 274.352905 301.481384 295.195435 
240.777985 301.267548 254.592102 230.763596 309.833832 243.302231 261.842133 266.339294 274.534821 273.362610 256.586365 252.826324 318.088684 253.865005 273.026001 284.210205 275.149719 305.786346 289.557709 257.803070 250.458328 292.897186 204.987473 268.568604 276.279175 263.911316 248.879044 284.704010 295.031128 230.389374 295.634857 262.166351 
307.383820 371.652466 324.017578 244.167450 327.227325 265.254761 321.042786 321.516479 324.874237 322.784180 344.715698 309.729645 335.154480 363.022156 341.819000 301.867249 333.626221 352.416351 336.638245 333.841370 293.654938 313.230530 264.402222 332.449982 332.921478 302.161072 298.263733 376.659119 342.970490 274.856171 321.887665 337.298370 
321.647217 382.829590 321.786621 239.095963 355.712799 252.409393 304.532501 310.281433 353.820190 322.935760 328.374664 321.154175 345.671722 356.794647 305.468506 295.247833 316.713989 338.584900 354.435028 323.238007 310.063507 321.648285 269.096069 320.740753 343.726685 313.376099 291.939056 386.130371 377.239960 313.379181 336.774170 310.090210 
303.008392 378.235321 302.812592 255.418320 345.393982 275.519867 317.271210 325.400848 353.504761 344.748505 356.514801 319.564789 398.855530 346.727814 312.268402 334.619751 345.751587 350.179443 358.746887 312.402039 323.861694 343.327759 275.307617 311.901093 356.262421 331.910553 327.118805 388.835754 370.017670 307.787018 347.380371 354.176941 
311.775970 370.123718 328.322784 273.043274 376.849152 258.752167 338.756439 326.601685 312.650421 348.250916 326.662811 333.519989 351.923859 340.627350 349.573090 359.894836 326.484222 355.920105 353.396088 327.739624 314.342407 324.752045 260.380829 321.762360 370.050720 334.600739 322.112396 392.787628 374.828491 285.274017 343.385895 353.339081 
315.133881 379.722015 335.075653 251.371872 359.482697 284.405518 308.401794 325.817841 326.846497 348.482880 350.121490 317.472168 387.270355 368.319794 331.051514 332.316864 331.981812 367.591888 346.977783 323.215240 283.270691 357.356018 292.631287 320.729858 340.470337 333.527374 300.687866 372.882446 356.943909 301.018738 356.089050 335.020721 
273.668030 347.649445 283.251312 220.319016 307.737061 236.865753 263.655884 273.484467 276.342957 295.848480 280.783600 273.487152 301.618622 315.134338 290.955231 268.479187 291.712341 316.629456 278.492676 290.760376 279.304535 281.591705 235.079117 276.709045 274.021332 290.692322 262.501892 329.042572 317.244080 249.639389 275.292938 311.146362 
283.200836 343.903259 297.025757 234.055267 325.623383 264.437988 265.439514 294.886536 288.356598 323.837524 322.264893 286.551178 330.094635 315.286011 302.380524 294.408386 310.086487 338.582214 298.893311 266.115417 280.925018 291.025421 216.246338 294.749542 314.822021 271.548737 266.757324 351.686493 335.171844 270.277222 308.231750 288.690033 
248.822433 306.499908 284.276825 215.468781 309.190125 237.903076 258.944489 280.416138 291.794006 286.125244 290.780212 274.183228 300.781982 284.247742 302.093475 284.359802 278.578888 299.844482 282.459625 281.468170 266.391998 299.816315 237.072052 287.353302 270.548523 296.248871 251.537491 314.561890 292.899139 217.275467 277.911285 298.388580 
294.769012 395.438812 310.795197 262.002075 360.294312 280.382202 293.591492 289.673523 304.135010 326.359283 306.053864 306.576233 341.367950 340.965576 317.151917 285.484192 324.261993 344.833954 334.203003 318.677643 275.146912 323.176941 244.134338 306.804626 328.120300 318.409119 289.852905 362.794525 374.768799 284.141846 330.295319 331.074615 
308.113861 365.958923 302.487732 241.604965 366.837585 271.290070 343.989319 349.435120 358.467499 343.993866 351.387268 318.293213 373.100037 368.263916 340.952087 326.789276 342.870911 375.265839 379.311920 341.279327 307.387390 356.766418 287.092316 337.814911 339.353455 323.875610 289.976044 409.007904 367.244049 314.654541 336.059784 345.335144 
276.823975 334.520538 302.391449 240.120041 317.538025 240.980988 270.695343 279.641571 273.190521 295.001099 283.918976 318.650757 319.352600 324.533691 305.605438 291.593567 299.007324 314.467712 278.876923 295.775421 286.663239 260.488464 226.306976 290.990356 329.778748 283.805634 287.216980 344.261353 341.881836 269.518463 292.608154 299.430939 
271.854279 372.695892 306.593170 242.685730 370.757843 256.052124 312.886536 305.092712 308.711853 314.790741 283.126251 330.906525 340.663879 336.126770 325.240295 327.406494 316.101685 323.784058 334.518890 322.352783 309.679199 321.562988 225.062805 337.235077 333.226715 333.771606 290.254669 386.828522 368.007965 260.809784 326.959991 357.334259 
239.280518 317.012482 242.600449 219.991440 299.792084 241.136749 295.662323 272.744049 264.104034 282.056366 264.544647 255.982956 310.087677 290.952454 302.745209 273.673767 294.102051 279.193848 293.673065 272.520233 238.100342 299.797272 197.936996 312.738251 267.757324 261.273987 240.973068 312.993988 295.540405 237.679092 260.208130 289.214783 
277.574005 322.674225 273.020508 224.602966 324.791870 236.519775 259.964813 289.427734 276.619568 294.278961 327.585938 282.305847 305.056885 285.895172 289.202271 293.878204 284.755524 310.722382 302.059662 265.407990 260.337219 265.220978 218.536880 276.225433 280.066132 277.055908 246.059891 345.956512 316.556671 254.962845 290.574554 288.212341 
245.631439 302.566193 254.097290 210.840118 302.767059 227.544235 258.498352 291.720032 279.317413 274.396118 264.848053 251.511642 299.162384 287.986053 249.857864 290.119965 259.331879 286.141205 265.975250 260.626678 256.031067 268.708008 201.461548 266.175598 261.892487 253.626556 250.902939 321.773529 301.315643 250.029022 270.397308 263.675446 
279.287811 347.329315 296.528503 246.740204 371.876160 282.279846 296.330231 307.228912 348.009979 307.309723 325.744781 288.610107 324.142120 310.915649 298.673065 317.125183 316.233826 328.272095 330.524872 288.494812 290.065521 325.084290 243.968582 321.522095 302.065735 331.362854 293.909119 334.427765 322.666382 267.083008 317.020508 303.924225 
284.912903 335.083435 299.536102 221.155518 325.223145 246.524734 263.941101 265.137482 275.867188 317.442963 283.966553 256.093903 319.840302 325.205414 296.664337 266.755890 276.812744 311.780731 289.614990 284.763794 246.833618 294.382507 236.581818 285.478546 303.046814 304.648712 260.721100 359.673706 319.985352 245.722382 270.426819 290.633972 
318.230743 405.496216 319.095947 242.632095 384.676025 285.675476 340.516418 321.537292 363.198120 346.689362 352.050323 297.728851 355.392365 351.872437 332.537567 324.243561 312.861359 361.162170 393.622284 328.383087 303.598145 360.783173 281.887207 323.079865 306.043549 319.814697 304.449982 405.115356 379.408264 308.640594 314.519897 354.997528 
283.316986 318.313995 296.494751 214.900848 321.656342 233.237518 244.549164 272.155304 275.041748 303.336365 286.123108 286.688782 326.358826 301.916199 287.141632 277.815094 286.124146 292.604614 296.248779 284.221771 276.400146 278.079987 212.691162 266.815308 300.295288 296.363617 254.721207 341.771667 318.235657 256.722260 297.036530 276.949524 
308.806793 374.615356 332.703796 251.052719 358.268127 257.476135 318.576843 317.328003 289.065186 336.327911 304.270905 309.318420 345.333832 318.031372 332.353241 318.383575 335.394928 357.999054 327.802765 324.336731 277.670227 317.465027 293.207886 311.585724 345.489594 304.971649 266.760132 369.211456 363.130096 269.935242 326.456055 325.517822 
300.174042 397.249420 296.941315 252.831909 360.208954 252.975632 300.122253 308.941345 329.902802 343.294556 351.283600 323.147217 369.267395 331.761505 310.202240 319.438538 328.915588 340.007507 333.197845 299.185486 300.707520 332.125092 247.621094 323.042084 344.816437 358.805389 287.167358 349.795807 353.254242 291.493805 330.367310 309.255554 
358.752869 385.024170 315.946198 260.690704 371.047333 284.975555 307.869507 324.176300 346.147949 344.779388 364.644012 354.058838 390.119171 380.410431 348.619293 309.128540 338.750916 382.581573 360.295410 364.674988 346.441833 328.648743 275.077484 323.173798 352.992676 361.937927 312.176910 429.109131 395.173950 322.115570 314.225098 343.156311 
285.398773 340.044495 283.179382 244.595276 340.453186 269.072693 308.305511 329.623474 324.762695 287.627716 307.750031 295.687195 349.082703 352.542389 309.353180 327.162537 302.774323 333.292480 326.764160 313.592468 285.285736 327.548676 260.845428 325.786652 304.551331 303.131317 274.632477 378.060333 340.428711 290.374542 303.504120 313.653473 
315.658783 378.048950 323.008789 265.155243 364.948822 266.943420 302.893494 310.856232 329.873779 346.170807 344.559540 347.569824 367.891541 372.789520 329.069122 327.684296 317.654755 345.031586 332.929779 329.449066 332.301392 328.872498 268.515472 328.220093 348.725494 356.580597 315.074585 385.778564 369.365448 309.675751 323.597076 334.569916 
331.283508 391.764648 314.989655 265.726105 389.575134 278.599518 335.894409 331.723694 341.757507 355.958954 364.427765 347.192078 379.062103 357.468872 348.849213 353.051056 339.159119 372.104736 386.715637 328.224792 320.930054 357.297974 277.528107 345.160889 340.032867 351.177185 309.163422 420.700745 376.009613 325.006775 343.767426 337.002991 
313.556030 378.985382 316.141083 251.798340 356.727753 255.995499 303.190887 333.069855 332.015930 353.105530 333.004395 315.147491 374.737091 351.533783 340.018738 325.750092 340.081757 326.995636 322.208984 316.758362 300.565796 335.277008 252.094803 332.761780 350.418457 348.176971 290.990417 393.050934 353.255829 298.276093 315.890228 364.815704 
251.561661 301.375519 258.023621 205.412369 292.162079 197.216965 251.268494 240.087616 243.628433 284.829102 250.542633 262.141266 298.530548 274.555634 279.631653 258.664429 271.629883 301.755554 266.775970 262.695831 275.264923 289.738251 225.281906 263.024323 292.888885 259.385590 241.949966 305.960663 281.631042 223.166702 276.341003 248.068436 
281.264679 343.666046 276.678925 208.929214 318.510498 219.511856 221.618439 246.785141 282.137451 311.414246 264.909668 287.929993 327.028290 295.166260 291.534546 273.813141 269.542633 305.127533 282.058136 267.757843 291.287811 289.776794 227.812897 259.628052 303.730377 298.845856 246.147415 320.594421 323.555542 263.968872 272.209564 275.134583 
300.922058 360.951233 295.313995 239.150024 349.800934 260.989594 271.821014 325.824615 319.189575 311.037323 310.626373 311.809692 356.624268 339.121887 308.211456 331.026337 299.828796 342.750793 330.407471 306.767761 302.632050 325.305939 237.104828 299.821411 314.211761 322.869080 283.040985 384.413361 368.633026 289.435425 310.348694 324.287262 
288.264923 355.043182 298.291107 233.770386 329.846588 252.861328 312.360138 306.776855 283.721313 319.156158 293.045532 291.080475 341.693695 348.302032 322.458405 315.795776 302.850525 323.346283 328.264984 305.452179 297.075928 324.880402 254.007782 313.169312 313.762970 283.006195 283.188171 370.273254 334.275665 273.838165 310.799042 340.388824 
264.292297 339.707581 282.789032 261.946198 338.862366 249.254745 276.451263 322.300812 305.176453 284.766724 287.334595 277.002808 349.950012 359.137512 292.471741 317.811768 299.406036 308.453949 291.019165 282.938782 241.411102 304.172485 235.990738 300.843292 280.173889 293.332336 267.762604 345.343567 323.278107 288.834595 305.376282 311.380890 
260.949768 306.880341 280.257935 208.122559 313.111908 236.312210 260.825958 277.051025 265.740845 295.274872 293.323944 257.501160 312.669586 285.520782 272.203674 277.669800 291.540771 282.906128 284.126434 283.531494 261.668579 252.219467 210.219437 275.910522 290.327850 288.630676 251.014999 329.847137 297.523804 235.208206 268.864288 284.438751 
306.640686 353.058380 289.091248 227.202301 324.948883 251.107910 269.761597 299.988892 301.641418 327.137939 328.683350 307.862213 325.079681 340.311523 325.948914 295.333252 311.773102 339.785889 332.755035 297.815643 279.025543 285.901459 241.294296 277.898468 306.149384 298.994843 274.823364 363.616058 345.889618 282.191132 313.595978 327.946045 
263.093353 327.881714 273.082520 213.168503 318.113831 216.664719 251.466995 268.372223 303.466888 302.634003 271.837067 251.585754 285.285248 292.257080 291.150269 280.116577 295.617035 321.269318 298.258514 291.125305 270.843628 290.396912 227.760803 270.821808 282.466797 280.450562 251.975052 361.954681 316.635193 262.850769 263.826477 295.055389 
349.941864 379.522797 335.671936 230.302994 360.978485 259.276062 284.813416 312.769318 334.341339 361.461395 355.393951 309.710297 337.983093 363.096222 327.985504 315.268585 331.277039 358.678223 337.176819 308.359161 300.128937 330.160889 252.061691 304.905609 324.046387 323.301575 293.249908 376.390167 355.398743 304.513458 311.664764 328.378693 
316.491333 363.524689 299.613129 228.966736 349.354706 267.451508 296.680878 294.603729 324.985046 332.933655 348.835846 328.620789 318.798065 351.793335 312.862244 302.906586 337.235565 367.267395 327.408081 322.707611 305.260406 318.394592 257.544586 324.613831 350.685730 332.080627 279.398438 369.560242 334.265289 287.181091 315.747345 325.921844 
281.037994 360.052124 285.208313 239.207687 316.105072 258.189880 299.199219 285.654999 313.091339 309.069122 320.558044 305.954803 339.812469 284.934723 295.325806 270.152802 314.294189 315.585510 322.776154 296.918030 265.852234 311.308929 228.409882 291.962280 316.416534 279.090271 247.911163 339.875854 359.700439 281.299561 312.453430 321.831482 
284.550995 323.155945 304.595978 249.279800 361.354126 249.862564 296.471588 305.713898 307.979126 301.063019 297.841675 299.399902 326.288483 296.034729 310.546478 304.074585 308.749146 332.644104 331.951782 295.977020 274.804840 313.723846 265.536987 298.173615 319.266693 301.561584 265.637787 362.510529 354.431824 285.563843 307.169159 312.896027 
309.073608 363.956146 302.093994 250.909332 337.394257 230.367920 281.969055 294.214111 320.270569 320.748138 321.485443 324.319824 336.335175 327.167847 329.675598 308.130676 329.490143 328.842468 337.867981 323.647400 298.549652 294.907898 259.076111 297.309052 339.650513 321.524231 287.512390 371.053986 364.742828 304.543884 313.188507 314.926971 
294.297668 319.083313 320.321228 225.480484 339.862061 246.919922 275.338928 262.343903 293.283630 323.313019 284.285431 308.041382 321.057617 336.027283 314.089752 295.196075 297.634766 345.263367 286.696167 303.017059 303.270569 303.676880 270.483185 317.334869 336.193085 317.984650 275.923340 371.617950 335.872284 259.334503 311.535889 307.246094 
280.888336 359.433868 286.170746 241.697998 334.158783 253.599060 288.984344 268.927643 311.780670 329.005402 306.966217 316.470398 329.685028 341.189026 355.209686 300.411774 308.505920 333.279999 340.636444 316.974884 323.351349 335.632782 263.243652 333.368591 325.103333 331.660858 298.873169 361.836548 319.163849 257.868469 319.239471 330.595215 
256.994415 308.615173 270.259094 226.244827 307.631104 214.279617 266.375336 280.282043 276.880402 265.191528 256.287933 291.734253 311.455750 285.594299 311.641602 271.668488 256.021759 284.584534 297.726868 293.730408 267.290039 293.943359 225.731766 264.439941 297.873688 278.781464 248.955658 338.034698 313.876251 261.330688 262.564972 315.356079 
347.949188 395.897186 346.641418 258.511200 365.459076 269.830322 289.944824 311.079865 338.821442 371.443787 343.194763 326.560760 355.652039 362.769165 372.002441 308.242065 359.466736 379.565552 346.796722 361.471497 326.360565 316.431519 283.611237 319.738434 363.906891 366.350311 306.297394 413.154388 380.849701 310.562012 313.887878 341.137024 
283.912750 337.587799 289.448853 215.286667 327.299591 252.511017 254.975098 291.684692 318.134430 304.941376 285.518921 304.907684 329.054504 347.549072 299.755402 315.301086 303.948364 327.397888 311.361237 291.191925 285.637634 313.327484 257.900421 294.145111 299.472961 311.243927 281.042358 355.587402 330.589142 269.944275 312.871552 319.094208 
